pol 0.5 0.1 25.0 3.0
pol 0.5 0.1 25.0 5.0
pol 0.5 0.1 25.0 7.0
pol 0.5 0.1 25.0 10.0
pol 0.5 0.1 25.0 15.0
pol 0.5 0.1 25.0 20.0
pol 0.5 0.1 25.0 25.0
pol 0.5 0.1 25.0 30.0
pol 0.5 0.2 25.0 3.0
pol 0.5 0.2 25.0 5.0
pol 0.5 0.2 25.0 7.0
pol 0.5 0.2 25.0 10.0
pol 0.5 0.2 25.0 15.0
pol 0.5 0.2 25.0 20.0
pol 0.5 0.2 25.0 25.0
pol 0.5 0.2 25.0 30.0
pol 0.5 0.3 25.0 3.0
pol 0.5 0.3 25.0 5.0
pol 0.5 0.3 25.0 7.0
pol 0.5 0.3 25.0 10.0
pol 0.5 0.3 25.0 15.0
pol 0.5 0.3 25.0 20.0
pol 0.5 0.3 25.0 25.0
pol 0.5 0.3 25.0 30.0
pol 0.5 0.4 25.0 1.0
pol 0.5 0.4 25.0 3.0
pol 0.5 0.4 25.0 5.0
pol 0.5 0.4 25.0 7.0
pol 0.5 0.4 25.0 10.0
pol 0.5 0.4 25.0 15.0
pol 0.5 0.4 25.0 20.0
pol 0.5 0.4 25.0 25.0
pol 0.5 0.4 25.0 30.0
pol 0.5 0.5 25.0 3.0
pol 0.5 0.5 25.0 5.0
pol 0.5 0.5 25.0 7.0
pol 0.5 0.5 25.0 10.0
pol 0.5 0.5 25.0 15.0
pol 0.5 0.5 25.0 20.0
pol 0.5 0.5 25.0 25.0
pol 0.5 0.5 25.0 30.0
pol 0.5 0.6 25.0 1.0
pol 0.5 0.6 25.0 3.0
pol 0.5 0.6 25.0 5.0
pol 0.5 0.6 25.0 7.0
pol 0.5 0.6 25.0 10.0
pol 0.5 0.6 25.0 15.0
pol 0.5 0.6 25.0 20.0
pol 0.5 0.6 25.0 25.0
pol 0.5 0.6 25.0 30.0
pol 0.5 0.7 25.0 3.0
pol 0.5 0.7 25.0 5.0
pol 0.5 0.7 25.0 7.0
pol 0.5 0.7 25.0 10.0
pol 0.5 0.7 25.0 15.0
pol 0.5 0.7 25.0 20.0
pol 0.5 0.7 25.0 25.0
pol 0.5 0.7 25.0 30.0
pol 0.5 0.8 25.0 1.0
pol 0.5 0.8 25.0 3.0
pol 0.5 0.8 25.0 5.0
pol 0.5 0.8 25.0 7.0
pol 0.5 0.8 25.0 10.0
pol 0.5 0.8 25.0 15.0
pol 0.5 0.8 25.0 20.0
pol 0.5 0.8 25.0 25.0
pol 0.5 0.8 25.0 30.0
pol 0.5 0.9 25.0 3.0
pol 0.5 0.9 25.0 5.0
pol 0.5 0.9 25.0 7.0
pol 0.5 0.9 25.0 10.0
pol 0.5 0.9 25.0 15.0
pol 0.5 0.9 25.0 20.0
pol 0.5 0.9 25.0 25.0
pol 0.5 0.9 25.0 30.0
pol 0.5 1.0 25.0 3.0
pol 0.5 1.0 25.0 5.0
pol 0.5 1.0 25.0 7.0
pol 0.5 1.0 25.0 10.0
pol 0.5 1.0 25.0 15.0
pol 0.5 1.0 25.0 20.0
pol 0.5 1.0 25.0 25.0
pol 0.5 1.0 25.0 30.0
pol 1.0 0.4 25.0 1.0
pol 1.0 0.4 25.0 3.0
pol 1.0 0.4 25.0 5.0
pol 1.0 0.4 25.0 7.0
pol 1.0 0.4 25.0 10.0
pol 1.0 0.4 25.0 15.0
pol 1.0 0.4 25.0 20.0
pol 1.0 0.4 25.0 25.0
pol 1.0 0.4 25.0 30.0
pol 1.0 0.6 25.0 1.0
pol 1.0 0.6 25.0 3.0
pol 1.0 0.6 25.0 5.0
pol 1.0 0.6 25.0 7.0
pol 1.0 0.6 25.0 10.0
pol 1.0 0.6 25.0 15.0
pol 1.0 0.6 25.0 20.0
pol 1.0 0.6 25.0 25.0
pol 1.0 0.6 25.0 30.0
pol 1.0 0.8 25.0 1.0
pol 1.0 0.8 25.0 3.0
pol 1.0 0.8 25.0 5.0
pol 1.0 0.8 25.0 7.0
pol 1.0 0.8 25.0 10.0
pol 1.0 0.8 25.0 15.0
pol 1.0 0.8 25.0 20.0
pol 1.0 0.8 25.0 25.0
pol 1.0 0.8 25.0 30.0
pol 1.5 0.1 25.0 1.0
pol 1.5 0.1 25.0 3.0
pol 1.5 0.1 25.0 5.0
pol 1.5 0.1 25.0 7.0
pol 1.5 0.1 25.0 10.0
pol 1.5 0.1 25.0 15.0
pol 1.5 0.1 25.0 20.0
pol 1.5 0.1 25.0 25.0
pol 1.5 0.1 25.0 30.0
pol 1.5 0.2 25.0 1.0
pol 1.5 0.2 25.0 3.0
pol 1.5 0.2 25.0 5.0
pol 1.5 0.2 25.0 7.0
pol 1.5 0.2 25.0 10.0
pol 1.5 0.2 25.0 15.0
pol 1.5 0.2 25.0 20.0
pol 1.5 0.2 25.0 25.0
pol 1.5 0.2 25.0 30.0
pol 1.5 0.3 25.0 1.0
pol 1.5 0.3 25.0 3.0
pol 1.5 0.3 25.0 5.0
pol 1.5 0.3 25.0 7.0
pol 1.5 0.3 25.0 10.0
pol 1.5 0.3 25.0 15.0
pol 1.5 0.3 25.0 20.0
pol 1.5 0.3 25.0 25.0
pol 1.5 0.3 25.0 30.0
pol 1.5 0.4 25.0 1.0
pol 1.5 0.4 25.0 3.0
pol 1.5 0.4 25.0 5.0
pol 1.5 0.4 25.0 7.0
pol 1.5 0.4 25.0 10.0
pol 1.5 0.4 25.0 15.0
pol 1.5 0.4 25.0 20.0
pol 1.5 0.4 25.0 25.0
pol 1.5 0.4 25.0 30.0
pol 1.5 0.5 25.0 1.0
pol 1.5 0.5 25.0 3.0
pol 1.5 0.5 25.0 5.0
pol 1.5 0.5 25.0 7.0
pol 1.5 0.5 25.0 10.0
pol 1.5 0.5 25.0 15.0
pol 1.5 0.5 25.0 20.0
pol 1.5 0.5 25.0 25.0
pol 1.5 0.5 25.0 30.0
pol 1.5 0.6 25.0 1.0
pol 1.5 0.6 25.0 3.0
pol 1.5 0.6 25.0 5.0
pol 1.5 0.6 25.0 7.0
pol 1.5 0.6 25.0 10.0
pol 1.5 0.6 25.0 15.0
pol 1.5 0.6 25.0 20.0
pol 1.5 0.6 25.0 25.0
pol 1.5 0.6 25.0 30.0
pol 1.5 0.7 25.0 1.0
pol 1.5 0.7 25.0 3.0
pol 1.5 0.7 25.0 5.0
pol 1.5 0.7 25.0 7.0
pol 1.5 0.7 25.0 10.0
pol 1.5 0.7 25.0 15.0
pol 1.5 0.7 25.0 20.0
pol 1.5 0.7 25.0 25.0
pol 1.5 0.7 25.0 30.0
pol 1.5 0.8 25.0 1.0
pol 1.5 0.8 25.0 3.0
pol 1.5 0.8 25.0 5.0
pol 1.5 0.8 25.0 7.0
pol 1.5 0.8 25.0 10.0
pol 1.5 0.8 25.0 15.0
pol 1.5 0.8 25.0 20.0
pol 1.5 0.8 25.0 25.0
pol 1.5 0.8 25.0 30.0
pol 1.5 0.9 25.0 1.0
pol 1.5 0.9 25.0 3.0
pol 1.5 0.9 25.0 5.0
pol 1.5 0.9 25.0 7.0
pol 1.5 0.9 25.0 10.0
pol 1.5 0.9 25.0 15.0
pol 1.5 0.9 25.0 20.0
pol 1.5 0.9 25.0 25.0
pol 1.5 0.9 25.0 30.0
pol 1.5 1.0 25.0 1.0
pol 1.5 1.0 25.0 3.0
pol 1.5 1.0 25.0 5.0
pol 1.5 1.0 25.0 7.0
pol 1.5 1.0 25.0 10.0
pol 1.5 1.0 25.0 15.0
pol 1.5 1.0 25.0 20.0
pol 1.5 1.0 25.0 25.0
pol 1.5 1.0 25.0 30.0
pol 2.0 0.1 25.0 1.0
pol 2.0 0.1 25.0 3.0
pol 2.0 0.1 25.0 5.0
pol 2.0 0.1 25.0 7.0
pol 2.0 0.1 25.0 10.0
pol 2.0 0.1 25.0 15.0
pol 2.0 0.1 25.0 20.0
pol 2.0 0.1 25.0 25.0
pol 2.0 0.1 25.0 30.0
pol 2.0 0.2 25.0 1.0
pol 2.0 0.2 25.0 3.0
pol 2.0 0.2 25.0 5.0
pol 2.0 0.2 25.0 7.0
pol 2.0 0.2 25.0 10.0
pol 2.0 0.2 25.0 15.0
pol 2.0 0.2 25.0 20.0
pol 2.0 0.2 25.0 25.0
pol 2.0 0.2 25.0 30.0
pol 2.0 0.3 25.0 1.0
pol 2.0 0.3 25.0 3.0
pol 2.0 0.3 25.0 5.0
pol 2.0 0.3 25.0 7.0
pol 2.0 0.3 25.0 10.0
pol 2.0 0.3 25.0 15.0
pol 2.0 0.3 25.0 20.0
pol 2.0 0.3 25.0 25.0
pol 2.0 0.3 25.0 30.0
pol 2.0 0.4 25.0 1.0
pol 2.0 0.4 25.0 3.0
pol 2.0 0.4 25.0 5.0
pol 2.0 0.4 25.0 7.0
pol 2.0 0.4 25.0 10.0
pol 2.0 0.4 25.0 15.0
pol 2.0 0.4 25.0 20.0
pol 2.0 0.4 25.0 25.0
pol 2.0 0.4 25.0 30.0
pol 2.0 0.5 25.0 1.0
pol 2.0 0.5 25.0 3.0
pol 2.0 0.5 25.0 5.0
pol 2.0 0.5 25.0 7.0
pol 2.0 0.5 25.0 10.0
pol 2.0 0.5 25.0 15.0
pol 2.0 0.5 25.0 20.0
pol 2.0 0.5 25.0 25.0
pol 2.0 0.5 25.0 30.0
pol 2.0 0.6 25.0 1.0
pol 2.0 0.6 25.0 3.0
pol 2.0 0.6 25.0 5.0
pol 2.0 0.6 25.0 7.0
pol 2.0 0.6 25.0 10.0
pol 2.0 0.6 25.0 15.0
pol 2.0 0.6 25.0 20.0
pol 2.0 0.6 25.0 25.0
pol 2.0 0.6 25.0 30.0
pol 2.0 0.7 25.0 1.0
pol 2.0 0.7 25.0 3.0
pol 2.0 0.7 25.0 5.0
pol 2.0 0.7 25.0 7.0
pol 2.0 0.7 25.0 10.0
pol 2.0 0.7 25.0 15.0
pol 2.0 0.7 25.0 20.0
pol 2.0 0.7 25.0 25.0
pol 2.0 0.7 25.0 30.0
pol 2.0 0.8 25.0 1.0
pol 2.0 0.8 25.0 3.0
pol 2.0 0.8 25.0 5.0
pol 2.0 0.8 25.0 7.0
pol 2.0 0.8 25.0 10.0
pol 2.0 0.8 25.0 15.0
pol 2.0 0.8 25.0 20.0
pol 2.0 0.8 25.0 25.0
pol 2.0 0.8 25.0 30.0
pol 2.0 0.9 25.0 1.0
pol 2.0 0.9 25.0 3.0
pol 2.0 0.9 25.0 5.0
pol 2.0 0.9 25.0 7.0
pol 2.0 0.9 25.0 10.0
pol 2.0 0.9 25.0 15.0
pol 2.0 0.9 25.0 20.0
pol 2.0 0.9 25.0 25.0
pol 2.0 0.9 25.0 30.0
pol 2.0 1.0 25.0 1.0
pol 2.0 1.0 25.0 3.0
pol 2.0 1.0 25.0 5.0
pol 2.0 1.0 25.0 7.0
pol 2.0 1.0 25.0 10.0
pol 2.0 1.0 25.0 15.0
pol 2.0 1.0 25.0 20.0
pol 2.0 1.0 25.0 25.0
pol 2.0 1.0 25.0 30.0
pol 2.5 0.1 25.0 3.0
pol 2.5 0.1 25.0 5.0
pol 2.5 0.1 25.0 7.0
pol 2.5 0.1 25.0 10.0
pol 2.5 0.1 25.0 15.0
pol 2.5 0.1 25.0 20.0
pol 2.5 0.1 25.0 25.0
pol 2.5 0.1 25.0 30.0
pol 2.5 0.2 25.0 3.0
pol 2.5 0.2 25.0 5.0
pol 2.5 0.2 25.0 7.0
pol 2.5 0.2 25.0 10.0
pol 2.5 0.2 25.0 15.0
pol 2.5 0.2 25.0 20.0
pol 2.5 0.2 25.0 25.0
pol 2.5 0.2 25.0 30.0
pol 2.5 0.3 25.0 3.0
pol 2.5 0.3 25.0 5.0
pol 2.5 0.3 25.0 7.0
pol 2.5 0.3 25.0 10.0
pol 2.5 0.3 25.0 15.0
pol 2.5 0.3 25.0 20.0
pol 2.5 0.3 25.0 25.0
pol 2.5 0.3 25.0 30.0
pol 2.5 0.4 25.0 1.0
pol 2.5 0.4 25.0 3.0
pol 2.5 0.4 25.0 5.0
pol 2.5 0.4 25.0 7.0
pol 2.5 0.4 25.0 10.0
pol 2.5 0.4 25.0 15.0
pol 2.5 0.4 25.0 20.0
pol 2.5 0.4 25.0 25.0
pol 2.5 0.4 25.0 30.0
pol 2.5 0.5 25.0 3.0
pol 2.5 0.5 25.0 5.0
pol 2.5 0.5 25.0 7.0
pol 2.5 0.5 25.0 10.0
pol 2.5 0.5 25.0 15.0
pol 2.5 0.5 25.0 20.0
pol 2.5 0.5 25.0 25.0
pol 2.5 0.5 25.0 30.0
pol 2.5 0.6 25.0 1.0
pol 2.5 0.6 25.0 3.0
pol 2.5 0.6 25.0 5.0
pol 2.5 0.6 25.0 7.0
pol 2.5 0.6 25.0 10.0
pol 2.5 0.6 25.0 15.0
pol 2.5 0.6 25.0 20.0
pol 2.5 0.6 25.0 25.0
pol 2.5 0.6 25.0 30.0
pol 2.5 0.7 25.0 3.0
pol 2.5 0.7 25.0 5.0
pol 2.5 0.7 25.0 7.0
pol 2.5 0.7 25.0 10.0
pol 2.5 0.7 25.0 15.0
pol 2.5 0.7 25.0 20.0
pol 2.5 0.7 25.0 25.0
pol 2.5 0.7 25.0 30.0
pol 2.5 0.8 25.0 1.0
pol 2.5 0.8 25.0 3.0
pol 2.5 0.8 25.0 5.0
pol 2.5 0.8 25.0 7.0
pol 2.5 0.8 25.0 10.0
pol 2.5 0.8 25.0 15.0
pol 2.5 0.8 25.0 20.0
pol 2.5 0.8 25.0 25.0
pol 2.5 0.8 25.0 30.0
pol 2.5 0.9 25.0 3.0
pol 2.5 0.9 25.0 5.0
pol 2.5 0.9 25.0 7.0
pol 2.5 0.9 25.0 10.0
pol 2.5 0.9 25.0 15.0
pol 2.5 0.9 25.0 20.0
pol 2.5 0.9 25.0 25.0
pol 2.5 0.9 25.0 30.0
pol 2.5 1.0 25.0 3.0
pol 2.5 1.0 25.0 5.0
pol 2.5 1.0 25.0 7.0
pol 2.5 1.0 25.0 10.0
pol 2.5 1.0 25.0 15.0
pol 2.5 1.0 25.0 20.0
pol 2.5 1.0 25.0 25.0
pol 2.5 1.0 25.0 30.0
pol 3.0 0.1 25.0 1.0
pol 3.0 0.1 25.0 3.0
pol 3.0 0.1 25.0 5.0
pol 3.0 0.1 25.0 7.0
pol 3.0 0.1 25.0 10.0
pol 3.0 0.1 25.0 15.0
pol 3.0 0.1 25.0 20.0
pol 3.0 0.1 25.0 25.0
pol 3.0 0.1 25.0 30.0
pol 3.0 0.2 25.0 1.0
pol 3.0 0.2 25.0 3.0
pol 3.0 0.2 25.0 5.0
pol 3.0 0.2 25.0 7.0
pol 3.0 0.2 25.0 10.0
pol 3.0 0.2 25.0 15.0
pol 3.0 0.2 25.0 20.0
pol 3.0 0.2 25.0 25.0
pol 3.0 0.2 25.0 30.0
pol 3.0 0.3 25.0 1.0
pol 3.0 0.3 25.0 3.0
pol 3.0 0.3 25.0 5.0
pol 3.0 0.3 25.0 7.0
pol 3.0 0.3 25.0 10.0
pol 3.0 0.3 25.0 15.0
pol 3.0 0.3 25.0 20.0
pol 3.0 0.3 25.0 25.0
pol 3.0 0.3 25.0 30.0
pol 3.0 0.4 25.0 1.0
pol 3.0 0.4 25.0 3.0
pol 3.0 0.4 25.0 5.0
pol 3.0 0.4 25.0 7.0
pol 3.0 0.4 25.0 10.0
pol 3.0 0.4 25.0 15.0
pol 3.0 0.4 25.0 20.0
pol 3.0 0.4 25.0 25.0
pol 3.0 0.4 25.0 30.0
pol 3.0 0.5 25.0 1.0
pol 3.0 0.5 25.0 3.0
pol 3.0 0.5 25.0 5.0
pol 3.0 0.5 25.0 7.0
pol 3.0 0.5 25.0 10.0
pol 3.0 0.5 25.0 15.0
pol 3.0 0.5 25.0 20.0
pol 3.0 0.5 25.0 25.0
pol 3.0 0.5 25.0 30.0
pol 3.0 0.6 25.0 1.0
pol 3.0 0.6 25.0 3.0
pol 3.0 0.6 25.0 5.0
pol 3.0 0.6 25.0 7.0
pol 3.0 0.6 25.0 10.0
pol 3.0 0.6 25.0 15.0
pol 3.0 0.6 25.0 20.0
pol 3.0 0.6 25.0 25.0
pol 3.0 0.6 25.0 30.0
pol 3.0 0.7 25.0 1.0
pol 3.0 0.7 25.0 3.0
pol 3.0 0.7 25.0 5.0
pol 3.0 0.7 25.0 7.0
pol 3.0 0.7 25.0 10.0
pol 3.0 0.7 25.0 15.0
pol 3.0 0.7 25.0 20.0
pol 3.0 0.7 25.0 25.0
pol 3.0 0.7 25.0 30.0
pol 3.0 0.8 25.0 1.0
pol 3.0 0.8 25.0 3.0
pol 3.0 0.8 25.0 5.0
pol 3.0 0.8 25.0 7.0
pol 3.0 0.8 25.0 10.0
pol 3.0 0.8 25.0 15.0
pol 3.0 0.8 25.0 20.0
pol 3.0 0.8 25.0 25.0
pol 3.0 0.8 25.0 30.0
pol 3.0 0.9 25.0 1.0
pol 3.0 0.9 25.0 3.0
pol 3.0 0.9 25.0 5.0
pol 3.0 0.9 25.0 7.0
pol 3.0 0.9 25.0 10.0
pol 3.0 0.9 25.0 15.0
pol 3.0 0.9 25.0 20.0
pol 3.0 0.9 25.0 25.0
pol 3.0 0.9 25.0 30.0
pol 3.0 1.0 25.0 1.0
pol 3.0 1.0 25.0 3.0
pol 3.0 1.0 25.0 5.0
pol 3.0 1.0 25.0 7.0
pol 3.0 1.0 25.0 10.0
pol 3.0 1.0 25.0 15.0
pol 3.0 1.0 25.0 20.0
pol 3.0 1.0 25.0 25.0
pol 3.0 1.0 25.0 30.0
pol 3.5 0.1 25.0 1.0
pol 3.5 0.1 25.0 3.0
pol 3.5 0.1 25.0 5.0
pol 3.5 0.1 25.0 7.0
pol 3.5 0.1 25.0 10.0
pol 3.5 0.1 25.0 15.0
pol 3.5 0.1 25.0 20.0
pol 3.5 0.1 25.0 25.0
pol 3.5 0.1 25.0 30.0
pol 3.5 0.2 25.0 1.0
pol 3.5 0.2 25.0 3.0
pol 3.5 0.2 25.0 5.0
pol 3.5 0.2 25.0 7.0
pol 3.5 0.2 25.0 10.0
pol 3.5 0.2 25.0 15.0
pol 3.5 0.2 25.0 20.0
pol 3.5 0.2 25.0 25.0
pol 3.5 0.2 25.0 30.0
pol 3.5 0.3 25.0 1.0
pol 3.5 0.3 25.0 3.0
pol 3.5 0.3 25.0 5.0
pol 3.5 0.3 25.0 7.0
pol 3.5 0.3 25.0 10.0
pol 3.5 0.3 25.0 15.0
pol 3.5 0.3 25.0 20.0
pol 3.5 0.3 25.0 25.0
pol 3.5 0.3 25.0 30.0
pol 3.5 0.4 25.0 1.0
pol 3.5 0.4 25.0 3.0
pol 3.5 0.4 25.0 5.0
pol 3.5 0.4 25.0 7.0
pol 3.5 0.4 25.0 10.0
pol 3.5 0.4 25.0 15.0
pol 3.5 0.4 25.0 20.0
pol 3.5 0.4 25.0 25.0
pol 3.5 0.4 25.0 30.0
pol 3.5 0.5 25.0 1.0
pol 3.5 0.5 25.0 3.0
pol 3.5 0.5 25.0 5.0
pol 3.5 0.5 25.0 7.0
pol 3.5 0.5 25.0 10.0
pol 3.5 0.5 25.0 15.0
pol 3.5 0.5 25.0 20.0
pol 3.5 0.5 25.0 25.0
pol 3.5 0.5 25.0 30.0
pol 3.5 0.6 25.0 1.0
pol 3.5 0.6 25.0 3.0
pol 3.5 0.6 25.0 5.0
pol 3.5 0.6 25.0 7.0
pol 3.5 0.6 25.0 10.0
pol 3.5 0.6 25.0 15.0
pol 3.5 0.6 25.0 20.0
pol 3.5 0.6 25.0 25.0
pol 3.5 0.6 25.0 30.0
pol 3.5 0.7 25.0 1.0
pol 3.5 0.7 25.0 3.0
pol 3.5 0.7 25.0 5.0
pol 3.5 0.7 25.0 7.0
pol 3.5 0.7 25.0 10.0
pol 3.5 0.7 25.0 15.0
pol 3.5 0.7 25.0 20.0
pol 3.5 0.7 25.0 25.0
pol 3.5 0.7 25.0 30.0
pol 3.5 0.8 25.0 1.0
pol 3.5 0.8 25.0 3.0
pol 3.5 0.8 25.0 5.0
pol 3.5 0.8 25.0 7.0
pol 3.5 0.8 25.0 10.0
pol 3.5 0.8 25.0 15.0
pol 3.5 0.8 25.0 20.0
pol 3.5 0.8 25.0 25.0
pol 3.5 0.8 25.0 30.0
pol 3.5 0.9 25.0 1.0
pol 3.5 0.9 25.0 3.0
pol 3.5 0.9 25.0 5.0
pol 3.5 0.9 25.0 7.0
pol 3.5 0.9 25.0 10.0
pol 3.5 0.9 25.0 15.0
pol 3.5 0.9 25.0 20.0
pol 3.5 0.9 25.0 25.0
pol 3.5 0.9 25.0 30.0
pol 3.5 1.0 25.0 1.0
pol 3.5 1.0 25.0 3.0
pol 3.5 1.0 25.0 5.0
pol 3.5 1.0 25.0 7.0
pol 3.5 1.0 25.0 10.0
pol 3.5 1.0 25.0 15.0
pol 3.5 1.0 25.0 20.0
pol 3.5 1.0 25.0 25.0
pol 3.5 1.0 25.0 30.0
pol 4.0 0.1 25.0 3.0
pol 4.0 0.1 25.0 5.0
pol 4.0 0.1 25.0 7.0
pol 4.0 0.1 25.0 10.0
pol 4.0 0.1 25.0 15.0
pol 4.0 0.1 25.0 20.0
pol 4.0 0.1 25.0 25.0
pol 4.0 0.1 25.0 30.0
pol 4.0 0.2 25.0 3.0
pol 4.0 0.2 25.0 5.0
pol 4.0 0.2 25.0 7.0
pol 4.0 0.2 25.0 10.0
pol 4.0 0.2 25.0 15.0
pol 4.0 0.2 25.0 20.0
pol 4.0 0.2 25.0 25.0
pol 4.0 0.2 25.0 30.0
pol 4.0 0.3 25.0 3.0
pol 4.0 0.3 25.0 5.0
pol 4.0 0.3 25.0 7.0
pol 4.0 0.3 25.0 10.0
pol 4.0 0.3 25.0 15.0
pol 4.0 0.3 25.0 20.0
pol 4.0 0.3 25.0 25.0
pol 4.0 0.3 25.0 30.0
pol 4.0 0.4 25.0 1.0
pol 4.0 0.4 25.0 3.0
pol 4.0 0.4 25.0 5.0
pol 4.0 0.4 25.0 7.0
pol 4.0 0.4 25.0 10.0
pol 4.0 0.4 25.0 15.0
pol 4.0 0.4 25.0 20.0
pol 4.0 0.4 25.0 25.0
pol 4.0 0.4 25.0 30.0
pol 4.0 0.5 25.0 3.0
pol 4.0 0.5 25.0 5.0
pol 4.0 0.5 25.0 7.0
pol 4.0 0.5 25.0 10.0
pol 4.0 0.5 25.0 15.0
pol 4.0 0.5 25.0 20.0
pol 4.0 0.5 25.0 25.0
pol 4.0 0.5 25.0 30.0
pol 4.0 0.6 25.0 1.0
pol 4.0 0.6 25.0 3.0
pol 4.0 0.6 25.0 5.0
pol 4.0 0.6 25.0 7.0
pol 4.0 0.6 25.0 10.0
pol 4.0 0.6 25.0 15.0
pol 4.0 0.6 25.0 20.0
pol 4.0 0.6 25.0 25.0
pol 4.0 0.6 25.0 30.0
pol 4.0 0.7 25.0 3.0
pol 4.0 0.7 25.0 5.0
pol 4.0 0.7 25.0 7.0
pol 4.0 0.7 25.0 10.0
pol 4.0 0.7 25.0 15.0
pol 4.0 0.7 25.0 20.0
pol 4.0 0.7 25.0 25.0
pol 4.0 0.7 25.0 30.0
pol 4.0 0.8 25.0 1.0
pol 4.0 0.8 25.0 3.0
pol 4.0 0.8 25.0 5.0
pol 4.0 0.8 25.0 7.0
pol 4.0 0.8 25.0 10.0
pol 4.0 0.8 25.0 15.0
pol 4.0 0.8 25.0 20.0
pol 4.0 0.8 25.0 25.0
pol 4.0 0.8 25.0 30.0
pol 4.0 0.9 25.0 3.0
pol 4.0 0.9 25.0 5.0
pol 4.0 0.9 25.0 7.0
pol 4.0 0.9 25.0 10.0
pol 4.0 0.9 25.0 15.0
pol 4.0 0.9 25.0 20.0
pol 4.0 0.9 25.0 25.0
pol 4.0 0.9 25.0 30.0
pol 4.0 1.0 25.0 3.0
pol 4.0 1.0 25.0 5.0
pol 4.0 1.0 25.0 7.0
pol 4.0 1.0 25.0 10.0
pol 4.0 1.0 25.0 15.0
pol 4.0 1.0 25.0 20.0
pol 4.0 1.0 25.0 25.0
pol 4.0 1.0 25.0 30.0
pol 4.5 0.1 25.0 3.0
pol 4.5 0.1 25.0 5.0
pol 4.5 0.1 25.0 7.0
pol 4.5 0.1 25.0 10.0
pol 4.5 0.1 25.0 15.0
pol 4.5 0.1 25.0 20.0
pol 4.5 0.1 25.0 25.0
pol 4.5 0.1 25.0 30.0
pol 4.5 0.2 25.0 3.0
pol 4.5 0.2 25.0 5.0
pol 4.5 0.2 25.0 7.0
pol 4.5 0.2 25.0 10.0
pol 4.5 0.2 25.0 15.0
pol 4.5 0.2 25.0 20.0
pol 4.5 0.2 25.0 25.0
pol 4.5 0.2 25.0 30.0
pol 4.5 0.3 25.0 3.0
pol 4.5 0.3 25.0 5.0
pol 4.5 0.3 25.0 7.0
pol 4.5 0.3 25.0 10.0
pol 4.5 0.3 25.0 15.0
pol 4.5 0.3 25.0 20.0
pol 4.5 0.3 25.0 25.0
pol 4.5 0.3 25.0 30.0
pol 4.5 0.4 25.0 1.0
pol 4.5 0.4 25.0 3.0
pol 4.5 0.4 25.0 5.0
pol 4.5 0.4 25.0 7.0
pol 4.5 0.4 25.0 10.0
pol 4.5 0.4 25.0 15.0
pol 4.5 0.4 25.0 20.0
pol 4.5 0.4 25.0 25.0
pol 4.5 0.4 25.0 30.0
pol 4.5 0.5 25.0 3.0
pol 4.5 0.5 25.0 5.0
pol 4.5 0.5 25.0 7.0
pol 4.5 0.5 25.0 10.0
pol 4.5 0.5 25.0 15.0
pol 4.5 0.5 25.0 20.0
pol 4.5 0.5 25.0 25.0
pol 4.5 0.5 25.0 30.0
pol 4.5 0.6 25.0 1.0
pol 4.5 0.6 25.0 3.0
pol 4.5 0.6 25.0 5.0
pol 4.5 0.6 25.0 7.0
pol 4.5 0.6 25.0 10.0
pol 4.5 0.6 25.0 15.0
pol 4.5 0.6 25.0 20.0
pol 4.5 0.6 25.0 25.0
pol 4.5 0.6 25.0 30.0
pol 4.5 0.7 25.0 3.0
pol 4.5 0.7 25.0 5.0
pol 4.5 0.7 25.0 7.0
pol 4.5 0.7 25.0 10.0
pol 4.5 0.7 25.0 15.0
pol 4.5 0.7 25.0 20.0
pol 4.5 0.7 25.0 25.0
pol 4.5 0.7 25.0 30.0
pol 4.5 0.8 25.0 1.0
pol 4.5 0.8 25.0 3.0
pol 4.5 0.8 25.0 5.0
pol 4.5 0.8 25.0 7.0
pol 4.5 0.8 25.0 10.0
pol 4.5 0.8 25.0 15.0
pol 4.5 0.8 25.0 20.0
pol 4.5 0.8 25.0 25.0
pol 4.5 0.8 25.0 30.0
pol 4.5 0.9 25.0 3.0
pol 4.5 0.9 25.0 5.0
pol 4.5 0.9 25.0 7.0
pol 4.5 0.9 25.0 10.0
pol 4.5 0.9 25.0 15.0
pol 4.5 0.9 25.0 20.0
pol 4.5 0.9 25.0 25.0
pol 4.5 0.9 25.0 30.0
pol 4.5 1.0 25.0 3.0
pol 4.5 1.0 25.0 5.0
pol 4.5 1.0 25.0 7.0
pol 4.5 1.0 25.0 10.0
pol 4.5 1.0 25.0 15.0
pol 4.5 1.0 25.0 20.0
pol 4.5 1.0 25.0 25.0
pol 4.5 1.0 25.0 30.0
pol 5.0 0.4 25.0 1.0
pol 5.0 0.4 25.0 3.0
pol 5.0 0.4 25.0 5.0
pol 5.0 0.4 25.0 7.0
pol 5.0 0.4 25.0 10.0
pol 5.0 0.4 25.0 15.0
pol 5.0 0.4 25.0 20.0
pol 5.0 0.4 25.0 25.0
pol 5.0 0.4 25.0 30.0
pol 5.0 0.6 25.0 1.0
pol 5.0 0.6 25.0 3.0
pol 5.0 0.6 25.0 5.0
pol 5.0 0.6 25.0 7.0
pol 5.0 0.6 25.0 10.0
pol 5.0 0.6 25.0 15.0
pol 5.0 0.6 25.0 20.0
pol 5.0 0.6 25.0 25.0
pol 5.0 0.6 25.0 30.0
pol 5.0 0.8 25.0 1.0
pol 5.0 0.8 25.0 3.0
pol 5.0 0.8 25.0 5.0
pol 5.0 0.8 25.0 7.0
pol 5.0 0.8 25.0 10.0
pol 5.0 0.8 25.0 15.0
pol 5.0 0.8 25.0 20.0
pol 5.0 0.8 25.0 25.0
pol 5.0 0.8 25.0 30.0
pol 5.5 0.1 25.0 1.0
pol 5.5 0.1 25.0 3.0
pol 5.5 0.1 25.0 5.0
pol 5.5 0.1 25.0 7.0
pol 5.5 0.1 25.0 10.0
pol 5.5 0.1 25.0 15.0
pol 5.5 0.1 25.0 20.0
pol 5.5 0.1 25.0 25.0
pol 5.5 0.1 25.0 30.0
pol 5.5 0.2 25.0 1.0
pol 5.5 0.2 25.0 3.0
pol 5.5 0.2 25.0 5.0
pol 5.5 0.2 25.0 7.0
pol 5.5 0.2 25.0 10.0
pol 5.5 0.2 25.0 15.0
pol 5.5 0.2 25.0 20.0
pol 5.5 0.2 25.0 25.0
pol 5.5 0.2 25.0 30.0
pol 5.5 0.3 25.0 1.0
pol 5.5 0.3 25.0 3.0
pol 5.5 0.3 25.0 5.0
pol 5.5 0.3 25.0 7.0
pol 5.5 0.3 25.0 10.0
pol 5.5 0.3 25.0 15.0
pol 5.5 0.3 25.0 20.0
pol 5.5 0.3 25.0 25.0
pol 5.5 0.3 25.0 30.0
pol 5.5 0.4 25.0 1.0
pol 5.5 0.4 25.0 3.0
pol 5.5 0.4 25.0 5.0
pol 5.5 0.4 25.0 7.0
pol 5.5 0.4 25.0 10.0
pol 5.5 0.4 25.0 15.0
pol 5.5 0.4 25.0 20.0
pol 5.5 0.4 25.0 25.0
pol 5.5 0.4 25.0 30.0
pol 5.5 0.5 25.0 1.0
pol 5.5 0.5 25.0 3.0
pol 5.5 0.5 25.0 5.0
pol 5.5 0.5 25.0 7.0
pol 5.5 0.5 25.0 10.0
pol 5.5 0.5 25.0 15.0
pol 5.5 0.5 25.0 20.0
pol 5.5 0.5 25.0 25.0
pol 5.5 0.5 25.0 30.0
pol 5.5 0.6 25.0 1.0
pol 5.5 0.6 25.0 3.0
pol 5.5 0.6 25.0 5.0
pol 5.5 0.6 25.0 7.0
pol 5.5 0.6 25.0 10.0
pol 5.5 0.6 25.0 15.0
pol 5.5 0.6 25.0 20.0
pol 5.5 0.6 25.0 25.0
pol 5.5 0.6 25.0 30.0
pol 5.5 0.7 25.0 1.0
pol 5.5 0.7 25.0 3.0
pol 5.5 0.7 25.0 5.0
pol 5.5 0.7 25.0 7.0
pol 5.5 0.7 25.0 10.0
pol 5.5 0.7 25.0 15.0
pol 5.5 0.7 25.0 20.0
pol 5.5 0.7 25.0 25.0
pol 5.5 0.7 25.0 30.0
pol 5.5 0.8 25.0 1.0
pol 5.5 0.8 25.0 3.0
pol 5.5 0.8 25.0 5.0
pol 5.5 0.8 25.0 7.0
pol 5.5 0.8 25.0 10.0
pol 5.5 0.8 25.0 15.0
pol 5.5 0.8 25.0 20.0
pol 5.5 0.8 25.0 25.0
pol 5.5 0.8 25.0 30.0
pol 5.5 0.9 25.0 1.0
pol 5.5 0.9 25.0 3.0
pol 5.5 0.9 25.0 5.0
pol 5.5 0.9 25.0 7.0
pol 5.5 0.9 25.0 10.0
pol 5.5 0.9 25.0 15.0
pol 5.5 0.9 25.0 20.0
pol 5.5 0.9 25.0 25.0
pol 5.5 0.9 25.0 30.0
pol 5.5 1.0 25.0 1.0
pol 5.5 1.0 25.0 3.0
pol 5.5 1.0 25.0 5.0
pol 5.5 1.0 25.0 7.0
pol 5.5 1.0 25.0 10.0
pol 5.5 1.0 25.0 15.0
pol 5.5 1.0 25.0 20.0
pol 5.5 1.0 25.0 25.0
pol 5.5 1.0 25.0 30.0
pol 6.0 0.1 25.0 1.0
pol 6.0 0.1 25.0 3.0
pol 6.0 0.1 25.0 5.0
pol 6.0 0.1 25.0 7.0
pol 6.0 0.1 25.0 10.0
pol 6.0 0.1 25.0 15.0
pol 6.0 0.1 25.0 20.0
pol 6.0 0.1 25.0 25.0
pol 6.0 0.1 25.0 30.0
pol 6.0 0.2 25.0 1.0
pol 6.0 0.2 25.0 3.0
pol 6.0 0.2 25.0 5.0
pol 6.0 0.2 25.0 7.0
pol 6.0 0.2 25.0 10.0
pol 6.0 0.2 25.0 15.0
pol 6.0 0.2 25.0 20.0
pol 6.0 0.2 25.0 25.0
pol 6.0 0.2 25.0 30.0
pol 6.0 0.3 25.0 1.0
pol 6.0 0.3 25.0 3.0
pol 6.0 0.3 25.0 5.0
pol 6.0 0.3 25.0 7.0
pol 6.0 0.3 25.0 10.0
pol 6.0 0.3 25.0 15.0
pol 6.0 0.3 25.0 20.0
pol 6.0 0.3 25.0 25.0
pol 6.0 0.3 25.0 30.0
pol 6.0 0.4 25.0 1.0
pol 6.0 0.4 25.0 3.0
pol 6.0 0.4 25.0 5.0
pol 6.0 0.4 25.0 7.0
pol 6.0 0.4 25.0 10.0
pol 6.0 0.4 25.0 15.0
pol 6.0 0.4 25.0 20.0
pol 6.0 0.4 25.0 25.0
pol 6.0 0.4 25.0 30.0
pol 6.0 0.5 25.0 1.0
pol 6.0 0.5 25.0 3.0
pol 6.0 0.5 25.0 5.0
pol 6.0 0.5 25.0 7.0
pol 6.0 0.5 25.0 10.0
pol 6.0 0.5 25.0 15.0
pol 6.0 0.5 25.0 20.0
pol 6.0 0.5 25.0 25.0
pol 6.0 0.5 25.0 30.0
pol 6.0 0.6 25.0 1.0
pol 6.0 0.6 25.0 3.0
pol 6.0 0.6 25.0 5.0
pol 6.0 0.6 25.0 7.0
pol 6.0 0.6 25.0 10.0
pol 6.0 0.6 25.0 15.0
pol 6.0 0.6 25.0 20.0
pol 6.0 0.6 25.0 25.0
pol 6.0 0.6 25.0 30.0
pol 6.0 0.7 25.0 1.0
pol 6.0 0.7 25.0 3.0
pol 6.0 0.7 25.0 5.0
pol 6.0 0.7 25.0 7.0
pol 6.0 0.7 25.0 10.0
pol 6.0 0.7 25.0 15.0
pol 6.0 0.7 25.0 20.0
pol 6.0 0.7 25.0 25.0
pol 6.0 0.7 25.0 30.0
pol 6.0 0.8 25.0 1.0
pol 6.0 0.8 25.0 3.0
pol 6.0 0.8 25.0 5.0
pol 6.0 0.8 25.0 7.0
pol 6.0 0.8 25.0 10.0
pol 6.0 0.8 25.0 15.0
pol 6.0 0.8 25.0 20.0
pol 6.0 0.8 25.0 25.0
pol 6.0 0.8 25.0 30.0
pol 6.0 0.9 25.0 1.0
pol 6.0 0.9 25.0 3.0
pol 6.0 0.9 25.0 5.0
pol 6.0 0.9 25.0 7.0
pol 6.0 0.9 25.0 10.0
pol 6.0 0.9 25.0 15.0
pol 6.0 0.9 25.0 20.0
pol 6.0 0.9 25.0 25.0
pol 6.0 0.9 25.0 30.0
pol 6.0 1.0 25.0 1.0
pol 6.0 1.0 25.0 3.0
pol 6.0 1.0 25.0 5.0
pol 6.0 1.0 25.0 7.0
pol 6.0 1.0 25.0 10.0
pol 6.0 1.0 25.0 15.0
pol 6.0 1.0 25.0 20.0
pol 6.0 1.0 25.0 25.0
pol 6.0 1.0 25.0 30.0
pol 6.5 0.1 25.0 1.0
pol 6.5 0.1 25.0 3.0
pol 6.5 0.1 25.0 5.0
pol 6.5 0.1 25.0 7.0
pol 6.5 0.1 25.0 10.0
pol 6.5 0.1 25.0 15.0
pol 6.5 0.1 25.0 20.0
pol 6.5 0.1 25.0 25.0
pol 6.5 0.1 25.0 30.0
pol 6.5 0.2 25.0 1.0
pol 6.5 0.2 25.0 3.0
pol 6.5 0.2 25.0 5.0
pol 6.5 0.2 25.0 7.0
pol 6.5 0.2 25.0 10.0
pol 6.5 0.2 25.0 15.0
pol 6.5 0.2 25.0 20.0
pol 6.5 0.2 25.0 25.0
pol 6.5 0.2 25.0 30.0
pol 6.5 0.3 25.0 1.0
pol 6.5 0.3 25.0 3.0
pol 6.5 0.3 25.0 5.0
pol 6.5 0.3 25.0 7.0
pol 6.5 0.3 25.0 10.0
pol 6.5 0.3 25.0 15.0
pol 6.5 0.3 25.0 20.0
pol 6.5 0.3 25.0 25.0
pol 6.5 0.3 25.0 30.0
pol 6.5 0.4 25.0 1.0
pol 6.5 0.4 25.0 3.0
pol 6.5 0.4 25.0 5.0
pol 6.5 0.4 25.0 7.0
pol 6.5 0.4 25.0 10.0
pol 6.5 0.4 25.0 15.0
pol 6.5 0.4 25.0 20.0
pol 6.5 0.4 25.0 25.0
pol 6.5 0.4 25.0 30.0
pol 6.5 0.5 25.0 1.0
pol 6.5 0.5 25.0 3.0
pol 6.5 0.5 25.0 5.0
pol 6.5 0.5 25.0 7.0
pol 6.5 0.5 25.0 10.0
pol 6.5 0.5 25.0 15.0
pol 6.5 0.5 25.0 20.0
pol 6.5 0.5 25.0 25.0
pol 6.5 0.5 25.0 30.0
pol 6.5 0.6 25.0 1.0
pol 6.5 0.6 25.0 3.0
pol 6.5 0.6 25.0 5.0
pol 6.5 0.6 25.0 7.0
pol 6.5 0.6 25.0 10.0
pol 6.5 0.6 25.0 15.0
pol 6.5 0.6 25.0 20.0
pol 6.5 0.6 25.0 25.0
pol 6.5 0.6 25.0 30.0
pol 6.5 0.7 25.0 1.0
pol 6.5 0.7 25.0 3.0
pol 6.5 0.7 25.0 5.0
pol 6.5 0.7 25.0 7.0
pol 6.5 0.7 25.0 10.0
pol 6.5 0.7 25.0 15.0
pol 6.5 0.7 25.0 20.0
pol 6.5 0.7 25.0 25.0
pol 6.5 0.7 25.0 30.0
pol 6.5 0.8 25.0 1.0
pol 6.5 0.8 25.0 3.0
pol 6.5 0.8 25.0 5.0
pol 6.5 0.8 25.0 7.0
pol 6.5 0.8 25.0 10.0
pol 6.5 0.8 25.0 15.0
pol 6.5 0.8 25.0 20.0
pol 6.5 0.8 25.0 25.0
pol 6.5 0.8 25.0 30.0
pol 6.5 0.9 25.0 1.0
pol 6.5 0.9 25.0 3.0
pol 6.5 0.9 25.0 5.0
pol 6.5 0.9 25.0 7.0
pol 6.5 0.9 25.0 10.0
pol 6.5 0.9 25.0 15.0
pol 6.5 0.9 25.0 20.0
pol 6.5 0.9 25.0 25.0
pol 6.5 0.9 25.0 30.0
pol 6.5 1.0 25.0 1.0
pol 6.5 1.0 25.0 3.0
pol 6.5 1.0 25.0 5.0
pol 6.5 1.0 25.0 7.0
pol 6.5 1.0 25.0 10.0
pol 6.5 1.0 25.0 15.0
pol 6.5 1.0 25.0 20.0
pol 6.5 1.0 25.0 25.0
pol 6.5 1.0 25.0 30.0
pol 7.0 0.1 25.0 1.0
pol 7.0 0.1 25.0 3.0
pol 7.0 0.1 25.0 5.0
pol 7.0 0.1 25.0 7.0
pol 7.0 0.1 25.0 10.0
pol 7.0 0.1 25.0 15.0
pol 7.0 0.1 25.0 20.0
pol 7.0 0.1 25.0 25.0
pol 7.0 0.1 25.0 30.0
pol 7.0 0.2 25.0 1.0
pol 7.0 0.2 25.0 3.0
pol 7.0 0.2 25.0 5.0
pol 7.0 0.2 25.0 7.0
pol 7.0 0.2 25.0 10.0
pol 7.0 0.2 25.0 15.0
pol 7.0 0.2 25.0 20.0
pol 7.0 0.2 25.0 25.0
pol 7.0 0.2 25.0 30.0
pol 7.0 0.3 25.0 1.0
pol 7.0 0.3 25.0 3.0
pol 7.0 0.3 25.0 5.0
pol 7.0 0.3 25.0 7.0
pol 7.0 0.3 25.0 10.0
pol 7.0 0.3 25.0 15.0
pol 7.0 0.3 25.0 20.0
pol 7.0 0.3 25.0 25.0
pol 7.0 0.3 25.0 30.0
pol 7.0 0.4 25.0 1.0
pol 7.0 0.4 25.0 3.0
pol 7.0 0.4 25.0 5.0
pol 7.0 0.4 25.0 7.0
pol 7.0 0.4 25.0 10.0
pol 7.0 0.4 25.0 15.0
pol 7.0 0.4 25.0 20.0
pol 7.0 0.4 25.0 25.0
pol 7.0 0.4 25.0 30.0
pol 7.0 0.5 25.0 1.0
pol 7.0 0.5 25.0 3.0
pol 7.0 0.5 25.0 5.0
pol 7.0 0.5 25.0 7.0
pol 7.0 0.5 25.0 10.0
pol 7.0 0.5 25.0 15.0
pol 7.0 0.5 25.0 20.0
pol 7.0 0.5 25.0 25.0
pol 7.0 0.5 25.0 30.0
pol 7.0 0.6 25.0 1.0
pol 7.0 0.6 25.0 3.0
pol 7.0 0.6 25.0 5.0
pol 7.0 0.6 25.0 7.0
pol 7.0 0.6 25.0 10.0
pol 7.0 0.6 25.0 15.0
pol 7.0 0.6 25.0 20.0
pol 7.0 0.6 25.0 25.0
pol 7.0 0.6 25.0 30.0
pol 7.0 0.7 25.0 1.0
pol 7.0 0.7 25.0 3.0
pol 7.0 0.7 25.0 5.0
pol 7.0 0.7 25.0 7.0
pol 7.0 0.7 25.0 10.0
pol 7.0 0.7 25.0 15.0
pol 7.0 0.7 25.0 20.0
pol 7.0 0.7 25.0 25.0
pol 7.0 0.7 25.0 30.0
pol 7.0 0.8 25.0 1.0
pol 7.0 0.8 25.0 3.0
pol 7.0 0.8 25.0 5.0
pol 7.0 0.8 25.0 7.0
pol 7.0 0.8 25.0 10.0
pol 7.0 0.8 25.0 15.0
pol 7.0 0.8 25.0 20.0
pol 7.0 0.8 25.0 25.0
pol 7.0 0.8 25.0 30.0
pol 7.0 0.9 25.0 1.0
pol 7.0 0.9 25.0 3.0
pol 7.0 0.9 25.0 5.0
pol 7.0 0.9 25.0 7.0
pol 7.0 0.9 25.0 10.0
pol 7.0 0.9 25.0 15.0
pol 7.0 0.9 25.0 20.0
pol 7.0 0.9 25.0 25.0
pol 7.0 0.9 25.0 30.0
pol 7.0 1.0 25.0 1.0
pol 7.0 1.0 25.0 3.0
pol 7.0 1.0 25.0 5.0
pol 7.0 1.0 25.0 7.0
pol 7.0 1.0 25.0 10.0
pol 7.0 1.0 25.0 15.0
pol 7.0 1.0 25.0 20.0
pol 7.0 1.0 25.0 25.0
pol 7.0 1.0 25.0 30.0
pol 7.5 0.1 25.0 1.0
pol 7.5 0.1 25.0 3.0
pol 7.5 0.1 25.0 5.0
pol 7.5 0.1 25.0 7.0
pol 7.5 0.1 25.0 10.0
pol 7.5 0.1 25.0 15.0
pol 7.5 0.1 25.0 20.0
pol 7.5 0.1 25.0 25.0
pol 7.5 0.1 25.0 30.0
pol 7.5 0.2 25.0 1.0
pol 7.5 0.2 25.0 3.0
pol 7.5 0.2 25.0 5.0
pol 7.5 0.2 25.0 7.0
pol 7.5 0.2 25.0 10.0
pol 7.5 0.2 25.0 15.0
pol 7.5 0.2 25.0 20.0
pol 7.5 0.2 25.0 25.0
pol 7.5 0.2 25.0 30.0
pol 7.5 0.3 25.0 1.0
pol 7.5 0.3 25.0 3.0
pol 7.5 0.3 25.0 5.0
pol 7.5 0.3 25.0 7.0
pol 7.5 0.3 25.0 10.0
pol 7.5 0.3 25.0 15.0
pol 7.5 0.3 25.0 20.0
pol 7.5 0.3 25.0 25.0
pol 7.5 0.3 25.0 30.0
pol 7.5 0.4 25.0 1.0
pol 7.5 0.4 25.0 3.0
pol 7.5 0.4 25.0 5.0
pol 7.5 0.4 25.0 7.0
pol 7.5 0.4 25.0 10.0
pol 7.5 0.4 25.0 15.0
pol 7.5 0.4 25.0 20.0
pol 7.5 0.4 25.0 25.0
pol 7.5 0.4 25.0 30.0
pol 7.5 0.5 25.0 1.0
pol 7.5 0.5 25.0 3.0
pol 7.5 0.5 25.0 5.0
pol 7.5 0.5 25.0 7.0
pol 7.5 0.5 25.0 10.0
pol 7.5 0.5 25.0 15.0
pol 7.5 0.5 25.0 20.0
pol 7.5 0.5 25.0 25.0
pol 7.5 0.5 25.0 30.0
pol 7.5 0.6 25.0 1.0
pol 7.5 0.6 25.0 3.0
pol 7.5 0.6 25.0 5.0
pol 7.5 0.6 25.0 7.0
pol 7.5 0.6 25.0 10.0
pol 7.5 0.6 25.0 15.0
pol 7.5 0.6 25.0 20.0
pol 7.5 0.6 25.0 25.0
pol 7.5 0.6 25.0 30.0
pol 7.5 0.7 25.0 1.0
pol 7.5 0.7 25.0 3.0
pol 7.5 0.7 25.0 5.0
pol 7.5 0.7 25.0 7.0
pol 7.5 0.7 25.0 10.0
pol 7.5 0.7 25.0 15.0
pol 7.5 0.7 25.0 20.0
pol 7.5 0.7 25.0 25.0
pol 7.5 0.7 25.0 30.0
pol 7.5 0.8 25.0 1.0
pol 7.5 0.8 25.0 3.0
pol 7.5 0.8 25.0 5.0
pol 7.5 0.8 25.0 7.0
pol 7.5 0.8 25.0 10.0
pol 7.5 0.8 25.0 15.0
pol 7.5 0.8 25.0 20.0
pol 7.5 0.8 25.0 25.0
pol 7.5 0.8 25.0 30.0
pol 7.5 0.9 25.0 1.0
pol 7.5 0.9 25.0 3.0
pol 7.5 0.9 25.0 5.0
pol 7.5 0.9 25.0 7.0
pol 7.5 0.9 25.0 10.0
pol 7.5 0.9 25.0 15.0
pol 7.5 0.9 25.0 20.0
pol 7.5 0.9 25.0 25.0
pol 7.5 0.9 25.0 30.0
pol 7.5 1.0 25.0 1.0
pol 7.5 1.0 25.0 3.0
pol 7.5 1.0 25.0 5.0
pol 7.5 1.0 25.0 7.0
pol 7.5 1.0 25.0 10.0
pol 7.5 1.0 25.0 15.0
pol 7.5 1.0 25.0 20.0
pol 7.5 1.0 25.0 25.0
pol 7.5 1.0 25.0 30.0
pol 8.0 0.1 25.0 1.0
pol 8.0 0.1 25.0 3.0
pol 8.0 0.1 25.0 5.0
pol 8.0 0.1 25.0 7.0
pol 8.0 0.1 25.0 10.0
pol 8.0 0.1 25.0 15.0
pol 8.0 0.1 25.0 20.0
pol 8.0 0.1 25.0 25.0
pol 8.0 0.1 25.0 30.0
pol 8.0 0.2 25.0 1.0
pol 8.0 0.2 25.0 3.0
pol 8.0 0.2 25.0 5.0
pol 8.0 0.2 25.0 7.0
pol 8.0 0.2 25.0 10.0
pol 8.0 0.2 25.0 15.0
pol 8.0 0.2 25.0 20.0
pol 8.0 0.2 25.0 25.0
pol 8.0 0.2 25.0 30.0
pol 8.0 0.3 25.0 1.0
pol 8.0 0.3 25.0 3.0
pol 8.0 0.3 25.0 5.0
pol 8.0 0.3 25.0 7.0
pol 8.0 0.3 25.0 10.0
pol 8.0 0.3 25.0 15.0
pol 8.0 0.3 25.0 20.0
pol 8.0 0.3 25.0 25.0
pol 8.0 0.3 25.0 30.0
pol 8.0 0.4 25.0 1.0
pol 8.0 0.4 25.0 3.0
pol 8.0 0.4 25.0 5.0
pol 8.0 0.4 25.0 7.0
pol 8.0 0.4 25.0 10.0
pol 8.0 0.4 25.0 15.0
pol 8.0 0.4 25.0 20.0
pol 8.0 0.4 25.0 25.0
pol 8.0 0.4 25.0 30.0
pol 8.0 0.5 25.0 1.0
pol 8.0 0.5 25.0 3.0
pol 8.0 0.5 25.0 5.0
pol 8.0 0.5 25.0 7.0
pol 8.0 0.5 25.0 10.0
pol 8.0 0.5 25.0 15.0
pol 8.0 0.5 25.0 20.0
pol 8.0 0.5 25.0 25.0
pol 8.0 0.5 25.0 30.0
pol 8.0 0.6 25.0 1.0
pol 8.0 0.6 25.0 3.0
pol 8.0 0.6 25.0 5.0
pol 8.0 0.6 25.0 7.0
pol 8.0 0.6 25.0 10.0
pol 8.0 0.6 25.0 15.0
pol 8.0 0.6 25.0 20.0
pol 8.0 0.6 25.0 25.0
pol 8.0 0.6 25.0 30.0
pol 8.0 0.7 25.0 1.0
pol 8.0 0.7 25.0 3.0
pol 8.0 0.7 25.0 5.0
pol 8.0 0.7 25.0 7.0
pol 8.0 0.7 25.0 10.0
pol 8.0 0.7 25.0 15.0
pol 8.0 0.7 25.0 20.0
pol 8.0 0.7 25.0 25.0
pol 8.0 0.7 25.0 30.0
pol 8.0 0.8 25.0 1.0
pol 8.0 0.8 25.0 3.0
pol 8.0 0.8 25.0 5.0
pol 8.0 0.8 25.0 7.0
pol 8.0 0.8 25.0 10.0
pol 8.0 0.8 25.0 15.0
pol 8.0 0.8 25.0 20.0
pol 8.0 0.8 25.0 25.0
pol 8.0 0.8 25.0 30.0
pol 8.0 0.9 25.0 1.0
pol 8.0 0.9 25.0 3.0
pol 8.0 0.9 25.0 5.0
pol 8.0 0.9 25.0 7.0
pol 8.0 0.9 25.0 10.0
pol 8.0 0.9 25.0 15.0
pol 8.0 0.9 25.0 20.0
pol 8.0 0.9 25.0 25.0
pol 8.0 0.9 25.0 30.0
pol 8.0 1.0 25.0 1.0
pol 8.0 1.0 25.0 3.0
pol 8.0 1.0 25.0 5.0
pol 8.0 1.0 25.0 7.0
pol 8.0 1.0 25.0 10.0
pol 8.0 1.0 25.0 15.0
pol 8.0 1.0 25.0 20.0
pol 8.0 1.0 25.0 25.0
pol 8.0 1.0 25.0 30.0
pol 8.5 0.1 25.0 1.0
pol 8.5 0.1 25.0 3.0
pol 8.5 0.1 25.0 5.0
pol 8.5 0.1 25.0 7.0
pol 8.5 0.1 25.0 10.0
pol 8.5 0.1 25.0 15.0
pol 8.5 0.1 25.0 20.0
pol 8.5 0.1 25.0 25.0
pol 8.5 0.1 25.0 30.0
pol 8.5 0.2 25.0 1.0
pol 8.5 0.2 25.0 3.0
pol 8.5 0.2 25.0 5.0
pol 8.5 0.2 25.0 7.0
pol 8.5 0.2 25.0 10.0
pol 8.5 0.2 25.0 15.0
pol 8.5 0.2 25.0 20.0
pol 8.5 0.2 25.0 25.0
pol 8.5 0.2 25.0 30.0
pol 8.5 0.3 25.0 1.0
pol 8.5 0.3 25.0 3.0
pol 8.5 0.3 25.0 5.0
pol 8.5 0.3 25.0 7.0
pol 8.5 0.3 25.0 10.0
pol 8.5 0.3 25.0 15.0
pol 8.5 0.3 25.0 20.0
pol 8.5 0.3 25.0 25.0
pol 8.5 0.3 25.0 30.0
pol 8.5 0.4 25.0 1.0
pol 8.5 0.4 25.0 3.0
pol 8.5 0.4 25.0 5.0
pol 8.5 0.4 25.0 7.0
pol 8.5 0.4 25.0 10.0
pol 8.5 0.4 25.0 15.0
pol 8.5 0.4 25.0 20.0
pol 8.5 0.4 25.0 25.0
pol 8.5 0.4 25.0 30.0
pol 8.5 0.5 25.0 1.0
pol 8.5 0.5 25.0 3.0
pol 8.5 0.5 25.0 5.0
pol 8.5 0.5 25.0 7.0
pol 8.5 0.5 25.0 10.0
pol 8.5 0.5 25.0 15.0
pol 8.5 0.5 25.0 20.0
pol 8.5 0.5 25.0 25.0
pol 8.5 0.5 25.0 30.0
pol 8.5 0.6 25.0 1.0
pol 8.5 0.6 25.0 3.0
pol 8.5 0.6 25.0 5.0
pol 8.5 0.6 25.0 7.0
pol 8.5 0.6 25.0 10.0
pol 8.5 0.6 25.0 15.0
pol 8.5 0.6 25.0 20.0
pol 8.5 0.6 25.0 25.0
pol 8.5 0.6 25.0 30.0
pol 8.5 0.7 25.0 1.0
pol 8.5 0.7 25.0 3.0
pol 8.5 0.7 25.0 5.0
pol 8.5 0.7 25.0 7.0
pol 8.5 0.7 25.0 10.0
pol 8.5 0.7 25.0 15.0
pol 8.5 0.7 25.0 20.0
pol 8.5 0.7 25.0 25.0
pol 8.5 0.7 25.0 30.0
pol 8.5 0.8 25.0 1.0
pol 8.5 0.8 25.0 3.0
pol 8.5 0.8 25.0 5.0
pol 8.5 0.8 25.0 7.0
pol 8.5 0.8 25.0 10.0
pol 8.5 0.8 25.0 15.0
pol 8.5 0.8 25.0 20.0
pol 8.5 0.8 25.0 25.0
pol 8.5 0.8 25.0 30.0
pol 8.5 0.9 25.0 1.0
pol 8.5 0.9 25.0 3.0
pol 8.5 0.9 25.0 5.0
pol 8.5 0.9 25.0 7.0
pol 8.5 0.9 25.0 10.0
pol 8.5 0.9 25.0 15.0
pol 8.5 0.9 25.0 20.0
pol 8.5 0.9 25.0 25.0
pol 8.5 0.9 25.0 30.0
pol 8.5 1.0 25.0 1.0
pol 8.5 1.0 25.0 3.0
pol 8.5 1.0 25.0 5.0
pol 8.5 1.0 25.0 7.0
pol 8.5 1.0 25.0 10.0
pol 8.5 1.0 25.0 15.0
pol 8.5 1.0 25.0 20.0
pol 8.5 1.0 25.0 25.0
pol 8.5 1.0 25.0 30.0
pol 9.0 0.1 25.0 1.0
pol 9.0 0.1 25.0 3.0
pol 9.0 0.1 25.0 5.0
pol 9.0 0.1 25.0 7.0
pol 9.0 0.1 25.0 10.0
pol 9.0 0.1 25.0 15.0
pol 9.0 0.1 25.0 20.0
pol 9.0 0.1 25.0 25.0
pol 9.0 0.1 25.0 30.0
pol 9.0 0.2 25.0 1.0
pol 9.0 0.2 25.0 3.0
pol 9.0 0.2 25.0 5.0
pol 9.0 0.2 25.0 7.0
pol 9.0 0.2 25.0 10.0
pol 9.0 0.2 25.0 15.0
pol 9.0 0.2 25.0 20.0
pol 9.0 0.2 25.0 25.0
pol 9.0 0.2 25.0 30.0
pol 9.0 0.3 25.0 1.0
pol 9.0 0.3 25.0 3.0
pol 9.0 0.3 25.0 5.0
pol 9.0 0.3 25.0 7.0
pol 9.0 0.3 25.0 10.0
pol 9.0 0.3 25.0 15.0
pol 9.0 0.3 25.0 20.0
pol 9.0 0.3 25.0 25.0
pol 9.0 0.3 25.0 30.0
pol 9.0 0.4 25.0 1.0
pol 9.0 0.4 25.0 3.0
pol 9.0 0.4 25.0 5.0
pol 9.0 0.4 25.0 7.0
pol 9.0 0.4 25.0 10.0
pol 9.0 0.4 25.0 15.0
pol 9.0 0.4 25.0 20.0
pol 9.0 0.4 25.0 25.0
pol 9.0 0.4 25.0 30.0
pol 9.0 0.5 25.0 1.0
pol 9.0 0.5 25.0 3.0
pol 9.0 0.5 25.0 5.0
pol 9.0 0.5 25.0 7.0
pol 9.0 0.5 25.0 10.0
pol 9.0 0.5 25.0 15.0
pol 9.0 0.5 25.0 20.0
pol 9.0 0.5 25.0 25.0
pol 9.0 0.5 25.0 30.0
pol 9.0 0.6 25.0 1.0
pol 9.0 0.6 25.0 3.0
pol 9.0 0.6 25.0 5.0
pol 9.0 0.6 25.0 7.0
pol 9.0 0.6 25.0 10.0
pol 9.0 0.6 25.0 15.0
pol 9.0 0.6 25.0 20.0
pol 9.0 0.6 25.0 25.0
pol 9.0 0.6 25.0 30.0
pol 9.0 0.7 25.0 1.0
pol 9.0 0.7 25.0 3.0
pol 9.0 0.7 25.0 5.0
pol 9.0 0.7 25.0 7.0
pol 9.0 0.7 25.0 10.0
pol 9.0 0.7 25.0 15.0
pol 9.0 0.7 25.0 20.0
pol 9.0 0.7 25.0 25.0
pol 9.0 0.7 25.0 30.0
pol 9.0 0.8 25.0 1.0
pol 9.0 0.8 25.0 3.0
pol 9.0 0.8 25.0 5.0
pol 9.0 0.8 25.0 7.0
pol 9.0 0.8 25.0 10.0
pol 9.0 0.8 25.0 15.0
pol 9.0 0.8 25.0 20.0
pol 9.0 0.8 25.0 25.0
pol 9.0 0.8 25.0 30.0
pol 9.0 0.9 25.0 1.0
pol 9.0 0.9 25.0 3.0
pol 9.0 0.9 25.0 5.0
pol 9.0 0.9 25.0 7.0
pol 9.0 0.9 25.0 10.0
pol 9.0 0.9 25.0 15.0
pol 9.0 0.9 25.0 20.0
pol 9.0 0.9 25.0 25.0
pol 9.0 0.9 25.0 30.0
pol 9.0 1.0 25.0 1.0
pol 9.0 1.0 25.0 3.0
pol 9.0 1.0 25.0 5.0
pol 9.0 1.0 25.0 7.0
pol 9.0 1.0 25.0 10.0
pol 9.0 1.0 25.0 15.0
pol 9.0 1.0 25.0 20.0
pol 9.0 1.0 25.0 25.0
pol 9.0 1.0 25.0 30.0
pol 9.5 0.1 25.0 1.0
pol 9.5 0.1 25.0 3.0
pol 9.5 0.1 25.0 5.0
pol 9.5 0.1 25.0 7.0
pol 9.5 0.1 25.0 10.0
pol 9.5 0.1 25.0 15.0
pol 9.5 0.1 25.0 20.0
pol 9.5 0.1 25.0 25.0
pol 9.5 0.1 25.0 30.0
pol 9.5 0.2 25.0 1.0
pol 9.5 0.2 25.0 3.0
pol 9.5 0.2 25.0 5.0
pol 9.5 0.2 25.0 7.0
pol 9.5 0.2 25.0 10.0
pol 9.5 0.2 25.0 15.0
pol 9.5 0.2 25.0 20.0
pol 9.5 0.2 25.0 25.0
pol 9.5 0.2 25.0 30.0
pol 9.5 0.3 25.0 1.0
pol 9.5 0.3 25.0 3.0
pol 9.5 0.3 25.0 5.0
pol 9.5 0.3 25.0 7.0
pol 9.5 0.3 25.0 10.0
pol 9.5 0.3 25.0 15.0
pol 9.5 0.3 25.0 20.0
pol 9.5 0.3 25.0 25.0
pol 9.5 0.3 25.0 30.0
pol 9.5 0.4 25.0 1.0
pol 9.5 0.4 25.0 3.0
pol 9.5 0.4 25.0 5.0
pol 9.5 0.4 25.0 7.0
pol 9.5 0.4 25.0 10.0
pol 9.5 0.4 25.0 15.0
pol 9.5 0.4 25.0 20.0
pol 9.5 0.4 25.0 25.0
pol 9.5 0.4 25.0 30.0
pol 9.5 0.5 25.0 1.0
pol 9.5 0.5 25.0 3.0
pol 9.5 0.5 25.0 5.0
pol 9.5 0.5 25.0 7.0
pol 9.5 0.5 25.0 10.0
pol 9.5 0.5 25.0 15.0
pol 9.5 0.5 25.0 20.0
pol 9.5 0.5 25.0 25.0
pol 9.5 0.5 25.0 30.0
pol 9.5 0.6 25.0 1.0
pol 9.5 0.6 25.0 3.0
pol 9.5 0.6 25.0 5.0
pol 9.5 0.6 25.0 7.0
pol 9.5 0.6 25.0 10.0
pol 9.5 0.6 25.0 15.0
pol 9.5 0.6 25.0 20.0
pol 9.5 0.6 25.0 25.0
pol 9.5 0.6 25.0 30.0
pol 9.5 0.7 25.0 1.0
pol 9.5 0.7 25.0 3.0
pol 9.5 0.7 25.0 5.0
pol 9.5 0.7 25.0 7.0
pol 9.5 0.7 25.0 10.0
pol 9.5 0.7 25.0 15.0
pol 9.5 0.7 25.0 20.0
pol 9.5 0.7 25.0 25.0
pol 9.5 0.7 25.0 30.0
pol 9.5 0.8 25.0 1.0
pol 9.5 0.8 25.0 3.0
pol 9.5 0.8 25.0 5.0
pol 9.5 0.8 25.0 7.0
pol 9.5 0.8 25.0 10.0
pol 9.5 0.8 25.0 15.0
pol 9.5 0.8 25.0 20.0
pol 9.5 0.8 25.0 25.0
pol 9.5 0.8 25.0 30.0
pol 9.5 0.9 25.0 1.0
pol 9.5 0.9 25.0 3.0
pol 9.5 0.9 25.0 5.0
pol 9.5 0.9 25.0 7.0
pol 9.5 0.9 25.0 10.0
pol 9.5 0.9 25.0 15.0
pol 9.5 0.9 25.0 20.0
pol 9.5 0.9 25.0 25.0
pol 9.5 0.9 25.0 30.0
pol 9.5 1.0 25.0 1.0
pol 9.5 1.0 25.0 3.0
pol 9.5 1.0 25.0 5.0
pol 9.5 1.0 25.0 7.0
pol 9.5 1.0 25.0 10.0
pol 9.5 1.0 25.0 15.0
pol 9.5 1.0 25.0 20.0
pol 9.5 1.0 25.0 25.0
pol 9.5 1.0 25.0 30.0
pol 10.0 0.4 25.0 1.0
pol 10.0 0.4 25.0 3.0
pol 10.0 0.4 25.0 5.0
pol 10.0 0.4 25.0 7.0
pol 10.0 0.4 25.0 10.0
pol 10.0 0.4 25.0 15.0
pol 10.0 0.4 25.0 20.0
pol 10.0 0.4 25.0 25.0
pol 10.0 0.4 25.0 30.0
pol 10.0 0.6 25.0 1.0
pol 10.0 0.6 25.0 3.0
pol 10.0 0.6 25.0 5.0
pol 10.0 0.6 25.0 7.0
pol 10.0 0.6 25.0 10.0
pol 10.0 0.6 25.0 15.0
pol 10.0 0.6 25.0 20.0
pol 10.0 0.6 25.0 25.0
pol 10.0 0.6 25.0 30.0
pol 10.0 0.8 25.0 1.0
pol 10.0 0.8 25.0 3.0
pol 10.0 0.8 25.0 5.0
pol 10.0 0.8 25.0 7.0
pol 10.0 0.8 25.0 10.0
pol 10.0 0.8 25.0 15.0
pol 10.0 0.8 25.0 20.0
pol 10.0 0.8 25.0 25.0
pol 10.0 0.8 25.0 30.0
pol 10.5 0.1 25.0 1.0
pol 10.5 0.1 25.0 3.0
pol 10.5 0.1 25.0 5.0
pol 10.5 0.1 25.0 7.0
pol 10.5 0.1 25.0 10.0
pol 10.5 0.1 25.0 15.0
pol 10.5 0.1 25.0 20.0
pol 10.5 0.1 25.0 25.0
pol 10.5 0.1 25.0 30.0
pol 10.5 0.2 25.0 1.0
pol 10.5 0.2 25.0 3.0
pol 10.5 0.2 25.0 5.0
pol 10.5 0.2 25.0 7.0
pol 10.5 0.2 25.0 10.0
pol 10.5 0.2 25.0 15.0
pol 10.5 0.2 25.0 20.0
pol 10.5 0.2 25.0 25.0
pol 10.5 0.2 25.0 30.0
pol 10.5 0.3 25.0 1.0
pol 10.5 0.3 25.0 3.0
pol 10.5 0.3 25.0 5.0
pol 10.5 0.3 25.0 7.0
pol 10.5 0.3 25.0 10.0
pol 10.5 0.3 25.0 15.0
pol 10.5 0.3 25.0 20.0
pol 10.5 0.3 25.0 25.0
pol 10.5 0.3 25.0 30.0
pol 10.5 0.4 25.0 1.0
pol 10.5 0.4 25.0 3.0
pol 10.5 0.4 25.0 5.0
pol 10.5 0.4 25.0 7.0
pol 10.5 0.4 25.0 10.0
pol 10.5 0.4 25.0 15.0
pol 10.5 0.4 25.0 20.0
pol 10.5 0.4 25.0 25.0
pol 10.5 0.4 25.0 30.0
pol 10.5 0.5 25.0 1.0
pol 10.5 0.5 25.0 3.0
pol 10.5 0.5 25.0 5.0
pol 10.5 0.5 25.0 7.0
pol 10.5 0.5 25.0 10.0
pol 10.5 0.5 25.0 15.0
pol 10.5 0.5 25.0 20.0
pol 10.5 0.5 25.0 25.0
pol 10.5 0.5 25.0 30.0
pol 10.5 0.6 25.0 1.0
pol 10.5 0.6 25.0 3.0
pol 10.5 0.6 25.0 5.0
pol 10.5 0.6 25.0 7.0
pol 10.5 0.6 25.0 10.0
pol 10.5 0.6 25.0 15.0
pol 10.5 0.6 25.0 20.0
pol 10.5 0.6 25.0 25.0
pol 10.5 0.6 25.0 30.0
pol 10.5 0.7 25.0 1.0
pol 10.5 0.7 25.0 3.0
pol 10.5 0.7 25.0 5.0
pol 10.5 0.7 25.0 7.0
pol 10.5 0.7 25.0 10.0
pol 10.5 0.7 25.0 15.0
pol 10.5 0.7 25.0 20.0
pol 10.5 0.7 25.0 25.0
pol 10.5 0.7 25.0 30.0
pol 10.5 0.8 25.0 1.0
pol 10.5 0.8 25.0 3.0
pol 10.5 0.8 25.0 5.0
pol 10.5 0.8 25.0 7.0
pol 10.5 0.8 25.0 10.0
pol 10.5 0.8 25.0 15.0
pol 10.5 0.8 25.0 20.0
pol 10.5 0.8 25.0 25.0
pol 10.5 0.8 25.0 30.0
pol 10.5 0.9 25.0 1.0
pol 10.5 0.9 25.0 3.0
pol 10.5 0.9 25.0 5.0
pol 10.5 0.9 25.0 7.0
pol 10.5 0.9 25.0 10.0
pol 10.5 0.9 25.0 15.0
pol 10.5 0.9 25.0 20.0
pol 10.5 0.9 25.0 25.0
pol 10.5 0.9 25.0 30.0
pol 10.5 1.0 25.0 1.0
pol 10.5 1.0 25.0 3.0
pol 10.5 1.0 25.0 5.0
pol 10.5 1.0 25.0 7.0
pol 10.5 1.0 25.0 10.0
pol 10.5 1.0 25.0 15.0
pol 10.5 1.0 25.0 20.0
pol 10.5 1.0 25.0 25.0
pol 10.5 1.0 25.0 30.0
pol 11.0 0.1 25.0 1.0
pol 11.0 0.1 25.0 3.0
pol 11.0 0.1 25.0 5.0
pol 11.0 0.1 25.0 7.0
pol 11.0 0.1 25.0 10.0
pol 11.0 0.1 25.0 15.0
pol 11.0 0.1 25.0 20.0
pol 11.0 0.1 25.0 25.0
pol 11.0 0.1 25.0 30.0
pol 11.0 0.2 25.0 1.0
pol 11.0 0.2 25.0 3.0
pol 11.0 0.2 25.0 5.0
pol 11.0 0.2 25.0 7.0
pol 11.0 0.2 25.0 10.0
pol 11.0 0.2 25.0 15.0
pol 11.0 0.2 25.0 20.0
pol 11.0 0.2 25.0 25.0
pol 11.0 0.2 25.0 30.0
pol 11.0 0.3 25.0 1.0
pol 11.0 0.3 25.0 3.0
pol 11.0 0.3 25.0 5.0
pol 11.0 0.3 25.0 7.0
pol 11.0 0.3 25.0 10.0
pol 11.0 0.3 25.0 15.0
pol 11.0 0.3 25.0 20.0
pol 11.0 0.3 25.0 25.0
pol 11.0 0.3 25.0 30.0
pol 11.0 0.4 25.0 1.0
pol 11.0 0.4 25.0 3.0
pol 11.0 0.4 25.0 5.0
pol 11.0 0.4 25.0 7.0
pol 11.0 0.4 25.0 10.0
pol 11.0 0.4 25.0 15.0
pol 11.0 0.4 25.0 20.0
pol 11.0 0.4 25.0 25.0
pol 11.0 0.4 25.0 30.0
pol 11.0 0.5 25.0 1.0
pol 11.0 0.5 25.0 3.0
pol 11.0 0.5 25.0 5.0
pol 11.0 0.5 25.0 7.0
pol 11.0 0.5 25.0 10.0
pol 11.0 0.5 25.0 15.0
pol 11.0 0.5 25.0 20.0
pol 11.0 0.5 25.0 25.0
pol 11.0 0.5 25.0 30.0
pol 11.0 0.6 25.0 1.0
pol 11.0 0.6 25.0 3.0
pol 11.0 0.6 25.0 5.0
pol 11.0 0.6 25.0 7.0
pol 11.0 0.6 25.0 10.0
pol 11.0 0.6 25.0 15.0
pol 11.0 0.6 25.0 20.0
pol 11.0 0.6 25.0 25.0
pol 11.0 0.6 25.0 30.0
pol 11.0 0.7 25.0 1.0
pol 11.0 0.7 25.0 3.0
pol 11.0 0.7 25.0 5.0
pol 11.0 0.7 25.0 7.0
pol 11.0 0.7 25.0 10.0
pol 11.0 0.7 25.0 15.0
pol 11.0 0.7 25.0 20.0
pol 11.0 0.7 25.0 25.0
pol 11.0 0.7 25.0 30.0
pol 11.0 0.8 25.0 1.0
pol 11.0 0.8 25.0 3.0
pol 11.0 0.8 25.0 5.0
pol 11.0 0.8 25.0 7.0
pol 11.0 0.8 25.0 10.0
pol 11.0 0.8 25.0 15.0
pol 11.0 0.8 25.0 20.0
pol 11.0 0.8 25.0 25.0
pol 11.0 0.8 25.0 30.0
pol 11.0 0.9 25.0 1.0
pol 11.0 0.9 25.0 3.0
pol 11.0 0.9 25.0 5.0
pol 11.0 0.9 25.0 7.0
pol 11.0 0.9 25.0 10.0
pol 11.0 0.9 25.0 15.0
pol 11.0 0.9 25.0 20.0
pol 11.0 0.9 25.0 25.0
pol 11.0 0.9 25.0 30.0
pol 11.0 1.0 25.0 1.0
pol 11.0 1.0 25.0 3.0
pol 11.0 1.0 25.0 5.0
pol 11.0 1.0 25.0 7.0
pol 11.0 1.0 25.0 10.0
pol 11.0 1.0 25.0 15.0
pol 11.0 1.0 25.0 20.0
pol 11.0 1.0 25.0 25.0
pol 11.0 1.0 25.0 30.0
pol 11.5 0.1 25.0 1.0
pol 11.5 0.1 25.0 3.0
pol 11.5 0.1 25.0 5.0
pol 11.5 0.1 25.0 7.0
pol 11.5 0.1 25.0 10.0
pol 11.5 0.1 25.0 15.0
pol 11.5 0.1 25.0 20.0
pol 11.5 0.1 25.0 25.0
pol 11.5 0.1 25.0 30.0
pol 11.5 0.2 25.0 1.0
pol 11.5 0.2 25.0 3.0
pol 11.5 0.2 25.0 5.0
pol 11.5 0.2 25.0 7.0
pol 11.5 0.2 25.0 10.0
pol 11.5 0.2 25.0 15.0
pol 11.5 0.2 25.0 20.0
pol 11.5 0.2 25.0 25.0
pol 11.5 0.2 25.0 30.0
pol 11.5 0.3 25.0 1.0
pol 11.5 0.3 25.0 3.0
pol 11.5 0.3 25.0 5.0
pol 11.5 0.3 25.0 7.0
pol 11.5 0.3 25.0 10.0
pol 11.5 0.3 25.0 15.0
pol 11.5 0.3 25.0 20.0
pol 11.5 0.3 25.0 25.0
pol 11.5 0.3 25.0 30.0
pol 11.5 0.4 25.0 1.0
pol 11.5 0.4 25.0 3.0
pol 11.5 0.4 25.0 5.0
pol 11.5 0.4 25.0 7.0
pol 11.5 0.4 25.0 10.0
pol 11.5 0.4 25.0 15.0
pol 11.5 0.4 25.0 20.0
pol 11.5 0.4 25.0 25.0
pol 11.5 0.4 25.0 30.0
pol 11.5 0.5 25.0 1.0
pol 11.5 0.5 25.0 3.0
pol 11.5 0.5 25.0 5.0
pol 11.5 0.5 25.0 7.0
pol 11.5 0.5 25.0 10.0
pol 11.5 0.5 25.0 15.0
pol 11.5 0.5 25.0 20.0
pol 11.5 0.5 25.0 25.0
pol 11.5 0.5 25.0 30.0
pol 11.5 0.6 25.0 1.0
pol 11.5 0.6 25.0 3.0
pol 11.5 0.6 25.0 5.0
pol 11.5 0.6 25.0 7.0
pol 11.5 0.6 25.0 10.0
pol 11.5 0.6 25.0 15.0
pol 11.5 0.6 25.0 20.0
pol 11.5 0.6 25.0 25.0
pol 11.5 0.6 25.0 30.0
pol 11.5 0.7 25.0 1.0
pol 11.5 0.7 25.0 3.0
pol 11.5 0.7 25.0 5.0
pol 11.5 0.7 25.0 7.0
pol 11.5 0.7 25.0 10.0
pol 11.5 0.7 25.0 15.0
pol 11.5 0.7 25.0 20.0
pol 11.5 0.7 25.0 25.0
pol 11.5 0.7 25.0 30.0
pol 11.5 0.8 25.0 1.0
pol 11.5 0.8 25.0 3.0
pol 11.5 0.8 25.0 5.0
pol 11.5 0.8 25.0 7.0
pol 11.5 0.8 25.0 10.0
pol 11.5 0.8 25.0 15.0
pol 11.5 0.8 25.0 20.0
pol 11.5 0.8 25.0 25.0
pol 11.5 0.8 25.0 30.0
pol 11.5 0.9 25.0 1.0
pol 11.5 0.9 25.0 3.0
pol 11.5 0.9 25.0 5.0
pol 11.5 0.9 25.0 7.0
pol 11.5 0.9 25.0 10.0
pol 11.5 0.9 25.0 15.0
pol 11.5 0.9 25.0 20.0
pol 11.5 0.9 25.0 25.0
pol 11.5 0.9 25.0 30.0
pol 11.5 1.0 25.0 1.0
pol 11.5 1.0 25.0 3.0
pol 11.5 1.0 25.0 5.0
pol 11.5 1.0 25.0 7.0
pol 11.5 1.0 25.0 10.0
pol 11.5 1.0 25.0 15.0
pol 11.5 1.0 25.0 20.0
pol 11.5 1.0 25.0 25.0
pol 11.5 1.0 25.0 30.0
pol 12.0 0.1 25.0 1.0
pol 12.0 0.1 25.0 3.0
pol 12.0 0.1 25.0 5.0
pol 12.0 0.1 25.0 7.0
pol 12.0 0.1 25.0 10.0
pol 12.0 0.1 25.0 15.0
pol 12.0 0.1 25.0 20.0
pol 12.0 0.1 25.0 25.0
pol 12.0 0.1 25.0 30.0
pol 12.0 0.2 25.0 1.0
pol 12.0 0.2 25.0 3.0
pol 12.0 0.2 25.0 5.0
pol 12.0 0.2 25.0 7.0
pol 12.0 0.2 25.0 10.0
pol 12.0 0.2 25.0 15.0
pol 12.0 0.2 25.0 20.0
pol 12.0 0.2 25.0 25.0
pol 12.0 0.2 25.0 30.0
pol 12.0 0.3 25.0 1.0
pol 12.0 0.3 25.0 3.0
pol 12.0 0.3 25.0 5.0
pol 12.0 0.3 25.0 7.0
pol 12.0 0.3 25.0 10.0
pol 12.0 0.3 25.0 15.0
pol 12.0 0.3 25.0 20.0
pol 12.0 0.3 25.0 25.0
pol 12.0 0.3 25.0 30.0
pol 12.0 0.4 25.0 1.0
pol 12.0 0.4 25.0 3.0
pol 12.0 0.4 25.0 5.0
pol 12.0 0.4 25.0 7.0
pol 12.0 0.4 25.0 10.0
pol 12.0 0.4 25.0 15.0
pol 12.0 0.4 25.0 20.0
pol 12.0 0.4 25.0 25.0
pol 12.0 0.4 25.0 30.0
pol 12.0 0.5 25.0 1.0
pol 12.0 0.5 25.0 3.0
pol 12.0 0.5 25.0 5.0
pol 12.0 0.5 25.0 7.0
pol 12.0 0.5 25.0 10.0
pol 12.0 0.5 25.0 15.0
pol 12.0 0.5 25.0 20.0
pol 12.0 0.5 25.0 25.0
pol 12.0 0.5 25.0 30.0
pol 12.0 0.6 25.0 1.0
pol 12.0 0.6 25.0 3.0
pol 12.0 0.6 25.0 5.0
pol 12.0 0.6 25.0 7.0
pol 12.0 0.6 25.0 10.0
pol 12.0 0.6 25.0 15.0
pol 12.0 0.6 25.0 20.0
pol 12.0 0.6 25.0 25.0
pol 12.0 0.6 25.0 30.0
pol 12.0 0.7 25.0 1.0
pol 12.0 0.7 25.0 3.0
pol 12.0 0.7 25.0 5.0
pol 12.0 0.7 25.0 7.0
pol 12.0 0.7 25.0 10.0
pol 12.0 0.7 25.0 15.0
pol 12.0 0.7 25.0 20.0
pol 12.0 0.7 25.0 25.0
pol 12.0 0.7 25.0 30.0
pol 12.0 0.8 25.0 1.0
pol 12.0 0.8 25.0 3.0
pol 12.0 0.8 25.0 5.0
pol 12.0 0.8 25.0 7.0
pol 12.0 0.8 25.0 10.0
pol 12.0 0.8 25.0 15.0
pol 12.0 0.8 25.0 20.0
pol 12.0 0.8 25.0 25.0
pol 12.0 0.8 25.0 30.0
pol 12.0 0.9 25.0 1.0
pol 12.0 0.9 25.0 3.0
pol 12.0 0.9 25.0 5.0
pol 12.0 0.9 25.0 7.0
pol 12.0 0.9 25.0 10.0
pol 12.0 0.9 25.0 15.0
pol 12.0 0.9 25.0 20.0
pol 12.0 0.9 25.0 25.0
pol 12.0 0.9 25.0 30.0
pol 12.0 1.0 25.0 1.0
pol 12.0 1.0 25.0 3.0
pol 12.0 1.0 25.0 5.0
pol 12.0 1.0 25.0 7.0
pol 12.0 1.0 25.0 10.0
pol 12.0 1.0 25.0 15.0
pol 12.0 1.0 25.0 20.0
pol 12.0 1.0 25.0 25.0
pol 12.0 1.0 25.0 30.0
pol 12.5 0.1 25.0 1.0
pol 12.5 0.1 25.0 3.0
pol 12.5 0.1 25.0 5.0
pol 12.5 0.1 25.0 7.0
pol 12.5 0.1 25.0 10.0
pol 12.5 0.1 25.0 15.0
pol 12.5 0.1 25.0 20.0
pol 12.5 0.1 25.0 25.0
pol 12.5 0.1 25.0 30.0
pol 12.5 0.2 25.0 1.0
pol 12.5 0.2 25.0 3.0
pol 12.5 0.2 25.0 5.0
pol 12.5 0.2 25.0 7.0
pol 12.5 0.2 25.0 10.0
pol 12.5 0.2 25.0 15.0
pol 12.5 0.2 25.0 20.0
pol 12.5 0.2 25.0 25.0
pol 12.5 0.2 25.0 30.0
pol 12.5 0.3 25.0 1.0
pol 12.5 0.3 25.0 3.0
pol 12.5 0.3 25.0 5.0
pol 12.5 0.3 25.0 7.0
pol 12.5 0.3 25.0 10.0
pol 12.5 0.3 25.0 15.0
pol 12.5 0.3 25.0 20.0
pol 12.5 0.3 25.0 25.0
pol 12.5 0.3 25.0 30.0
pol 12.5 0.4 25.0 1.0
pol 12.5 0.4 25.0 3.0
pol 12.5 0.4 25.0 5.0
pol 12.5 0.4 25.0 7.0
pol 12.5 0.4 25.0 10.0
pol 12.5 0.4 25.0 15.0
pol 12.5 0.4 25.0 20.0
pol 12.5 0.4 25.0 25.0
pol 12.5 0.4 25.0 30.0
pol 12.5 0.5 25.0 1.0
pol 12.5 0.5 25.0 3.0
pol 12.5 0.5 25.0 5.0
pol 12.5 0.5 25.0 7.0
pol 12.5 0.5 25.0 10.0
pol 12.5 0.5 25.0 15.0
pol 12.5 0.5 25.0 20.0
pol 12.5 0.5 25.0 25.0
pol 12.5 0.5 25.0 30.0
pol 12.5 0.6 25.0 1.0
pol 12.5 0.6 25.0 3.0
pol 12.5 0.6 25.0 5.0
pol 12.5 0.6 25.0 7.0
pol 12.5 0.6 25.0 10.0
pol 12.5 0.6 25.0 15.0
pol 12.5 0.6 25.0 20.0
pol 12.5 0.6 25.0 25.0
pol 12.5 0.6 25.0 30.0
pol 12.5 0.7 25.0 1.0
pol 12.5 0.7 25.0 3.0
pol 12.5 0.7 25.0 5.0
pol 12.5 0.7 25.0 7.0
pol 12.5 0.7 25.0 10.0
pol 12.5 0.7 25.0 15.0
pol 12.5 0.7 25.0 20.0
pol 12.5 0.7 25.0 25.0
pol 12.5 0.7 25.0 30.0
pol 12.5 0.8 25.0 1.0
pol 12.5 0.8 25.0 3.0
pol 12.5 0.8 25.0 5.0
pol 12.5 0.8 25.0 7.0
pol 12.5 0.8 25.0 10.0
pol 12.5 0.8 25.0 15.0
pol 12.5 0.8 25.0 20.0
pol 12.5 0.8 25.0 25.0
pol 12.5 0.8 25.0 30.0
pol 12.5 0.9 25.0 1.0
pol 12.5 0.9 25.0 3.0
pol 12.5 0.9 25.0 5.0
pol 12.5 0.9 25.0 7.0
pol 12.5 0.9 25.0 10.0
pol 12.5 0.9 25.0 15.0
pol 12.5 0.9 25.0 20.0
pol 12.5 0.9 25.0 25.0
pol 12.5 0.9 25.0 30.0
pol 12.5 1.0 25.0 1.0
pol 12.5 1.0 25.0 3.0
pol 12.5 1.0 25.0 5.0
pol 12.5 1.0 25.0 7.0
pol 12.5 1.0 25.0 10.0
pol 12.5 1.0 25.0 15.0
pol 12.5 1.0 25.0 20.0
pol 12.5 1.0 25.0 25.0
pol 12.5 1.0 25.0 30.0
pol 13.0 0.1 25.0 1.0
pol 13.0 0.1 25.0 3.0
pol 13.0 0.1 25.0 5.0
pol 13.0 0.1 25.0 7.0
pol 13.0 0.1 25.0 10.0
pol 13.0 0.1 25.0 15.0
pol 13.0 0.1 25.0 20.0
pol 13.0 0.1 25.0 25.0
pol 13.0 0.1 25.0 30.0
pol 13.0 0.2 25.0 1.0
pol 13.0 0.2 25.0 3.0
pol 13.0 0.2 25.0 5.0
pol 13.0 0.2 25.0 7.0
pol 13.0 0.2 25.0 10.0
pol 13.0 0.2 25.0 15.0
pol 13.0 0.2 25.0 20.0
pol 13.0 0.2 25.0 25.0
pol 13.0 0.2 25.0 30.0
pol 13.0 0.3 25.0 1.0
pol 13.0 0.3 25.0 3.0
pol 13.0 0.3 25.0 5.0
pol 13.0 0.3 25.0 7.0
pol 13.0 0.3 25.0 10.0
pol 13.0 0.3 25.0 15.0
pol 13.0 0.3 25.0 20.0
pol 13.0 0.3 25.0 25.0
pol 13.0 0.3 25.0 30.0
pol 13.0 0.4 25.0 1.0
pol 13.0 0.4 25.0 3.0
pol 13.0 0.4 25.0 5.0
pol 13.0 0.4 25.0 7.0
pol 13.0 0.4 25.0 10.0
pol 13.0 0.4 25.0 15.0
pol 13.0 0.4 25.0 20.0
pol 13.0 0.4 25.0 25.0
pol 13.0 0.4 25.0 30.0
pol 13.0 0.5 25.0 1.0
pol 13.0 0.5 25.0 3.0
pol 13.0 0.5 25.0 5.0
pol 13.0 0.5 25.0 7.0
pol 13.0 0.5 25.0 10.0
pol 13.0 0.5 25.0 15.0
pol 13.0 0.5 25.0 20.0
pol 13.0 0.5 25.0 25.0
pol 13.0 0.5 25.0 30.0
pol 13.0 0.6 25.0 1.0
pol 13.0 0.6 25.0 3.0
pol 13.0 0.6 25.0 5.0
pol 13.0 0.6 25.0 7.0
pol 13.0 0.6 25.0 10.0
pol 13.0 0.6 25.0 15.0
pol 13.0 0.6 25.0 20.0
pol 13.0 0.6 25.0 25.0
pol 13.0 0.6 25.0 30.0
pol 13.0 0.7 25.0 1.0
pol 13.0 0.7 25.0 3.0
pol 13.0 0.7 25.0 5.0
pol 13.0 0.7 25.0 7.0
pol 13.0 0.7 25.0 10.0
pol 13.0 0.7 25.0 15.0
pol 13.0 0.7 25.0 20.0
pol 13.0 0.7 25.0 25.0
pol 13.0 0.7 25.0 30.0
pol 13.0 0.8 25.0 1.0
pol 13.0 0.8 25.0 3.0
pol 13.0 0.8 25.0 5.0
pol 13.0 0.8 25.0 7.0
pol 13.0 0.8 25.0 10.0
pol 13.0 0.8 25.0 15.0
pol 13.0 0.8 25.0 20.0
pol 13.0 0.8 25.0 25.0
pol 13.0 0.8 25.0 30.0
pol 13.0 0.9 25.0 1.0
pol 13.0 0.9 25.0 3.0
pol 13.0 0.9 25.0 5.0
pol 13.0 0.9 25.0 7.0
pol 13.0 0.9 25.0 10.0
pol 13.0 0.9 25.0 15.0
pol 13.0 0.9 25.0 20.0
pol 13.0 0.9 25.0 25.0
pol 13.0 0.9 25.0 30.0
pol 13.0 1.0 25.0 1.0
pol 13.0 1.0 25.0 3.0
pol 13.0 1.0 25.0 5.0
pol 13.0 1.0 25.0 7.0
pol 13.0 1.0 25.0 10.0
pol 13.0 1.0 25.0 15.0
pol 13.0 1.0 25.0 20.0
pol 13.0 1.0 25.0 25.0
pol 13.0 1.0 25.0 30.0
pol 13.5 0.1 25.0 1.0
pol 13.5 0.1 25.0 3.0
pol 13.5 0.1 25.0 5.0
pol 13.5 0.1 25.0 7.0
pol 13.5 0.1 25.0 10.0
pol 13.5 0.1 25.0 15.0
pol 13.5 0.1 25.0 20.0
pol 13.5 0.1 25.0 25.0
pol 13.5 0.1 25.0 30.0
pol 13.5 0.2 25.0 1.0
pol 13.5 0.2 25.0 3.0
pol 13.5 0.2 25.0 5.0
pol 13.5 0.2 25.0 7.0
pol 13.5 0.2 25.0 10.0
pol 13.5 0.2 25.0 15.0
pol 13.5 0.2 25.0 20.0
pol 13.5 0.2 25.0 25.0
pol 13.5 0.2 25.0 30.0
pol 13.5 0.3 25.0 1.0
pol 13.5 0.3 25.0 3.0
pol 13.5 0.3 25.0 5.0
pol 13.5 0.3 25.0 7.0
pol 13.5 0.3 25.0 10.0
pol 13.5 0.3 25.0 15.0
pol 13.5 0.3 25.0 20.0
pol 13.5 0.3 25.0 25.0
pol 13.5 0.3 25.0 30.0
pol 13.5 0.4 25.0 1.0
pol 13.5 0.4 25.0 3.0
pol 13.5 0.4 25.0 5.0
pol 13.5 0.4 25.0 7.0
pol 13.5 0.4 25.0 10.0
pol 13.5 0.4 25.0 15.0
pol 13.5 0.4 25.0 20.0
pol 13.5 0.4 25.0 25.0
pol 13.5 0.4 25.0 30.0
pol 13.5 0.5 25.0 1.0
pol 13.5 0.5 25.0 3.0
pol 13.5 0.5 25.0 5.0
pol 13.5 0.5 25.0 7.0
pol 13.5 0.5 25.0 10.0
pol 13.5 0.5 25.0 15.0
pol 13.5 0.5 25.0 20.0
pol 13.5 0.5 25.0 25.0
pol 13.5 0.5 25.0 30.0
pol 13.5 0.6 25.0 1.0
pol 13.5 0.6 25.0 3.0
pol 13.5 0.6 25.0 5.0
pol 13.5 0.6 25.0 7.0
pol 13.5 0.6 25.0 10.0
pol 13.5 0.6 25.0 15.0
pol 13.5 0.6 25.0 20.0
pol 13.5 0.6 25.0 25.0
pol 13.5 0.6 25.0 30.0
pol 13.5 0.7 25.0 1.0
pol 13.5 0.7 25.0 3.0
pol 13.5 0.7 25.0 5.0
pol 13.5 0.7 25.0 7.0
pol 13.5 0.7 25.0 10.0
pol 13.5 0.7 25.0 15.0
pol 13.5 0.7 25.0 20.0
pol 13.5 0.7 25.0 25.0
pol 13.5 0.7 25.0 30.0
pol 13.5 0.8 25.0 1.0
pol 13.5 0.8 25.0 3.0
pol 13.5 0.8 25.0 5.0
pol 13.5 0.8 25.0 7.0
pol 13.5 0.8 25.0 10.0
pol 13.5 0.8 25.0 15.0
pol 13.5 0.8 25.0 20.0
pol 13.5 0.8 25.0 25.0
pol 13.5 0.8 25.0 30.0
pol 13.5 0.9 25.0 1.0
pol 13.5 0.9 25.0 3.0
pol 13.5 0.9 25.0 5.0
pol 13.5 0.9 25.0 7.0
pol 13.5 0.9 25.0 10.0
pol 13.5 0.9 25.0 15.0
pol 13.5 0.9 25.0 20.0
pol 13.5 0.9 25.0 25.0
pol 13.5 0.9 25.0 30.0
pol 13.5 1.0 25.0 1.0
pol 13.5 1.0 25.0 3.0
pol 13.5 1.0 25.0 5.0
pol 13.5 1.0 25.0 7.0
pol 13.5 1.0 25.0 10.0
pol 13.5 1.0 25.0 15.0
pol 13.5 1.0 25.0 20.0
pol 13.5 1.0 25.0 25.0
pol 13.5 1.0 25.0 30.0
pol 14.0 0.1 25.0 1.0
pol 14.0 0.1 25.0 3.0
pol 14.0 0.1 25.0 5.0
pol 14.0 0.1 25.0 7.0
pol 14.0 0.1 25.0 10.0
pol 14.0 0.1 25.0 15.0
pol 14.0 0.1 25.0 20.0
pol 14.0 0.1 25.0 25.0
pol 14.0 0.1 25.0 30.0
pol 14.0 0.2 25.0 1.0
pol 14.0 0.2 25.0 3.0
pol 14.0 0.2 25.0 5.0
pol 14.0 0.2 25.0 7.0
pol 14.0 0.2 25.0 10.0
pol 14.0 0.2 25.0 15.0
pol 14.0 0.2 25.0 20.0
pol 14.0 0.2 25.0 25.0
pol 14.0 0.2 25.0 30.0
pol 14.0 0.3 25.0 1.0
pol 14.0 0.3 25.0 3.0
pol 14.0 0.3 25.0 5.0
pol 14.0 0.3 25.0 7.0
pol 14.0 0.3 25.0 10.0
pol 14.0 0.3 25.0 15.0
pol 14.0 0.3 25.0 20.0
pol 14.0 0.3 25.0 25.0
pol 14.0 0.3 25.0 30.0
pol 14.0 0.4 25.0 1.0
pol 14.0 0.4 25.0 3.0
pol 14.0 0.4 25.0 5.0
pol 14.0 0.4 25.0 7.0
pol 14.0 0.4 25.0 10.0
pol 14.0 0.4 25.0 15.0
pol 14.0 0.4 25.0 20.0
pol 14.0 0.4 25.0 25.0
pol 14.0 0.4 25.0 30.0
pol 14.0 0.5 25.0 1.0
pol 14.0 0.5 25.0 3.0
pol 14.0 0.5 25.0 5.0
pol 14.0 0.5 25.0 7.0
pol 14.0 0.5 25.0 10.0
pol 14.0 0.5 25.0 15.0
pol 14.0 0.5 25.0 20.0
pol 14.0 0.5 25.0 25.0
pol 14.0 0.5 25.0 30.0
pol 14.0 0.6 25.0 1.0
pol 14.0 0.6 25.0 3.0
pol 14.0 0.6 25.0 5.0
pol 14.0 0.6 25.0 7.0
pol 14.0 0.6 25.0 10.0
pol 14.0 0.6 25.0 15.0
pol 14.0 0.6 25.0 20.0
pol 14.0 0.6 25.0 25.0
pol 14.0 0.6 25.0 30.0
pol 14.0 0.7 25.0 1.0
pol 14.0 0.7 25.0 3.0
pol 14.0 0.7 25.0 5.0
pol 14.0 0.7 25.0 7.0
pol 14.0 0.7 25.0 10.0
pol 14.0 0.7 25.0 15.0
pol 14.0 0.7 25.0 20.0
pol 14.0 0.7 25.0 25.0
pol 14.0 0.7 25.0 30.0
pol 14.0 0.8 25.0 1.0
pol 14.0 0.8 25.0 3.0
pol 14.0 0.8 25.0 5.0
pol 14.0 0.8 25.0 7.0
pol 14.0 0.8 25.0 10.0
pol 14.0 0.8 25.0 15.0
pol 14.0 0.8 25.0 20.0
pol 14.0 0.8 25.0 25.0
pol 14.0 0.8 25.0 30.0
pol 14.0 0.9 25.0 1.0
pol 14.0 0.9 25.0 3.0
pol 14.0 0.9 25.0 5.0
pol 14.0 0.9 25.0 7.0
pol 14.0 0.9 25.0 10.0
pol 14.0 0.9 25.0 15.0
pol 14.0 0.9 25.0 20.0
pol 14.0 0.9 25.0 25.0
pol 14.0 0.9 25.0 30.0
pol 14.0 1.0 25.0 1.0
pol 14.0 1.0 25.0 3.0
pol 14.0 1.0 25.0 5.0
pol 14.0 1.0 25.0 7.0
pol 14.0 1.0 25.0 10.0
pol 14.0 1.0 25.0 15.0
pol 14.0 1.0 25.0 20.0
pol 14.0 1.0 25.0 25.0
pol 14.0 1.0 25.0 30.0
pol 14.5 0.1 25.0 1.0
pol 14.5 0.1 25.0 3.0
pol 14.5 0.1 25.0 5.0
pol 14.5 0.1 25.0 7.0
pol 14.5 0.1 25.0 10.0
pol 14.5 0.1 25.0 15.0
pol 14.5 0.1 25.0 20.0
pol 14.5 0.1 25.0 25.0
pol 14.5 0.1 25.0 30.0
pol 14.5 0.2 25.0 1.0
pol 14.5 0.2 25.0 3.0
pol 14.5 0.2 25.0 5.0
pol 14.5 0.2 25.0 7.0
pol 14.5 0.2 25.0 10.0
pol 14.5 0.2 25.0 15.0
pol 14.5 0.2 25.0 20.0
pol 14.5 0.2 25.0 25.0
pol 14.5 0.2 25.0 30.0
pol 14.5 0.3 25.0 1.0
pol 14.5 0.3 25.0 3.0
pol 14.5 0.3 25.0 5.0
pol 14.5 0.3 25.0 7.0
pol 14.5 0.3 25.0 10.0
pol 14.5 0.3 25.0 15.0
pol 14.5 0.3 25.0 20.0
pol 14.5 0.3 25.0 25.0
pol 14.5 0.3 25.0 30.0
pol 14.5 0.4 25.0 1.0
pol 14.5 0.4 25.0 3.0
pol 14.5 0.4 25.0 5.0
pol 14.5 0.4 25.0 7.0
pol 14.5 0.4 25.0 10.0
pol 14.5 0.4 25.0 15.0
pol 14.5 0.4 25.0 20.0
pol 14.5 0.4 25.0 25.0
pol 14.5 0.4 25.0 30.0
pol 14.5 0.5 25.0 1.0
pol 14.5 0.5 25.0 3.0
pol 14.5 0.5 25.0 5.0
pol 14.5 0.5 25.0 7.0
pol 14.5 0.5 25.0 10.0
pol 14.5 0.5 25.0 15.0
pol 14.5 0.5 25.0 20.0
pol 14.5 0.5 25.0 25.0
pol 14.5 0.5 25.0 30.0
pol 14.5 0.6 25.0 1.0
pol 14.5 0.6 25.0 3.0
pol 14.5 0.6 25.0 5.0
pol 14.5 0.6 25.0 7.0
pol 14.5 0.6 25.0 10.0
pol 14.5 0.6 25.0 15.0
pol 14.5 0.6 25.0 20.0
pol 14.5 0.6 25.0 25.0
pol 14.5 0.6 25.0 30.0
pol 14.5 0.7 25.0 1.0
pol 14.5 0.7 25.0 3.0
pol 14.5 0.7 25.0 5.0
pol 14.5 0.7 25.0 7.0
pol 14.5 0.7 25.0 10.0
pol 14.5 0.7 25.0 15.0
pol 14.5 0.7 25.0 20.0
pol 14.5 0.7 25.0 25.0
pol 14.5 0.7 25.0 30.0
pol 14.5 0.8 25.0 1.0
pol 14.5 0.8 25.0 3.0
pol 14.5 0.8 25.0 5.0
pol 14.5 0.8 25.0 7.0
pol 14.5 0.8 25.0 10.0
pol 14.5 0.8 25.0 15.0
pol 14.5 0.8 25.0 20.0
pol 14.5 0.8 25.0 25.0
pol 14.5 0.8 25.0 30.0
pol 14.5 0.9 25.0 1.0
pol 14.5 0.9 25.0 3.0
pol 14.5 0.9 25.0 5.0
pol 14.5 0.9 25.0 7.0
pol 14.5 0.9 25.0 10.0
pol 14.5 0.9 25.0 15.0
pol 14.5 0.9 25.0 20.0
pol 14.5 0.9 25.0 25.0
pol 14.5 0.9 25.0 30.0
pol 14.5 1.0 25.0 1.0
pol 14.5 1.0 25.0 3.0
pol 14.5 1.0 25.0 5.0
pol 14.5 1.0 25.0 7.0
pol 14.5 1.0 25.0 10.0
pol 14.5 1.0 25.0 15.0
pol 14.5 1.0 25.0 20.0
pol 14.5 1.0 25.0 25.0
pol 14.5 1.0 25.0 30.0
pol 15.0 0.4 25.0 1.0
pol 15.0 0.4 25.0 3.0
pol 15.0 0.4 25.0 5.0
pol 15.0 0.4 25.0 7.0
pol 15.0 0.4 25.0 10.0
pol 15.0 0.4 25.0 15.0
pol 15.0 0.4 25.0 20.0
pol 15.0 0.4 25.0 25.0
pol 15.0 0.4 25.0 30.0
pol 15.0 0.6 25.0 1.0
pol 15.0 0.6 25.0 3.0
pol 15.0 0.6 25.0 5.0
pol 15.0 0.6 25.0 7.0
pol 15.0 0.6 25.0 10.0
pol 15.0 0.6 25.0 15.0
pol 15.0 0.6 25.0 20.0
pol 15.0 0.6 25.0 25.0
pol 15.0 0.6 25.0 30.0
pol 15.0 0.8 25.0 1.0
pol 15.0 0.8 25.0 3.0
pol 15.0 0.8 25.0 5.0
pol 15.0 0.8 25.0 7.0
pol 15.0 0.8 25.0 10.0
pol 15.0 0.8 25.0 15.0
pol 15.0 0.8 25.0 20.0
pol 15.0 0.8 25.0 25.0
pol 15.0 0.8 25.0 30.0
